orf	gene	chromo	numbAcross	type	GFP_LOD	GFP_effect	GFP_maxPOS	GFP_leftPOS	GFP_rightPOS	mCH_LOD	mCH_effect	mCH_maxPOS	mCH_leftPOS	mCH_rightPOS
YDL022W	GPD1	2	6	gfp	9.95611111111111	-0.123835173364988	416816.666666667	347850	455300	1.68166666666667	-0.0348695122599279	416816.666666667	347850	455300
YDL022W	GPD1	2	2	mch	0.649166666666667	-0.0187397029460225	585700	533350	642550	3.55	-0.0722792144192883	585700	533350	642550
YDL022W	GPD1	4	5	gfp	6.76733333333333	-0.108453336915234	208160	171780	266640	2.561	-0.0543605947573791	208160	171780	266640
YDL022W	GPD1	4	2	gfp	3.2775	0.0633070662302374	1109800	1067050	1165100	0.0075	-0.00222223083999106	1109800	1067050	1165100
YDL022W	GPD1	5	6	gfp	14.1766666666667	0.146497212048185	382650	348250	431533.333333333	8.64444444444444	-0.0778154931136313	382650	348250	431533.333333333
YDL022W	GPD1	5	6	mch	9.6875	0.0976498308310876	515216.666666667	502633.333333333	530566.666666667	46.6136111111111	-0.279484831690151	515216.666666667	502633.333333333	530566.666666667
YDL022W	GPD1	7	3	gfp	3.05055555555556	0.063719194752066	161300	94033.3333333333	238233.333333333	0.148888888888889	-0.00614339979046357	161300	94033.3333333333	238233.333333333
YDL022W	GPD1	8	5	mch	0.0956666666666667	0.0160349004874303	109360	46460	147620	4.336	-0.0982448011774204	109360	46460	147620
YDL022W	GPD1	8	5	gfp	3.451	-0.0719673746634932	362440	285240	456880	1.261	-0.0340980558612247	362440	285240	456880
YDL022W	GPD1	10	6	gfp	94.1813888888889	-0.430413432051815	154016.666666667	143983.333333333	165933.333333333	0.852777777777778	0.0238359471286133	154016.666666667	143983.333333333	165933.333333333
YDL022W	GPD1	10	6	gfp	10.8927777777778	0.13274523976617	661066.666666667	621983.333333333	697200	1.11555555555556	-0.0231721125050486	661066.666666667	621983.333333333	697200
YDL022W	GPD1	11	6	gfp	24.9427777777778	-0.211428779577543	268500	243850	306666.666666667	1.42361111111111	-0.034379631032223	268500	243850	306666.666666667
YDL022W	GPD1	12	3	gfp	3.79722222222222	-0.0642384661247763	224633.333333333	156133.333333333	372266.666666667	0.336111111111111	-0.0137270664579277	224633.333333333	156133.333333333	372266.666666667
YDL022W	GPD1	12	1	gfp	3.58333333333333	-0.0734955662032177	346500	273000	375700	0.17	0.00464471733668044	346500	273000	375700
YDL022W	GPD1	12	5	oposite	12.4776666666667	0.134269052878278	689920	648320	724140	15.3777777777778	-0.160226912487039	692650	653600	733266.666666667
YDL022W	GPD1	12	3	gfp	6.50555555555556	0.0962856852678264	928500	879233.333333333	962133.333333333	0.689444444444444	0.0298462152210532	928500	879233.333333333	962133.333333333
YDL022W	GPD1	13	6	mch	2.73555555555556	0.0402777095179781	36716.6666666667	0	107850	3.91861111111111	-0.0829390900623336	36716.6666666667	0	107850
YDL022W	GPD1	13	6	gfp	13.2241666666667	0.147029135687682	253666.666666667	202433.333333333	295116.666666667	1.53361111111111	0.0493659922419338	253666.666666667	202433.333333333	295116.666666667
YDL022W	GPD1	14	6	together	7.58777777777778	0.109683360473821	524800	468166.666666667	576250	57.1702777777778	0.312338884480613	472933.333333333	454566.666666667	492616.666666667
YDL022W	GPD1	15	3	gfp	3.28444444444444	-0.0696536212535049	157233.333333333	98766.6666666667	202100	2.30111111111111	-0.0561968708629949	157233.333333333	98766.6666666667	202100
YDR099W	BMH2	1	2	gfp	10.4025	-0.137931067643789	152400	120350	207800	0.215	-0.00731782432639735	152400	120350	207800
YDR099W	BMH2	2	1	mch	1.56	0.0457767115329451	575500	537100	601800	7.455	-0.106611940886531	575500	537100	601800
YDR099W	BMH2	4	2	gfp	5.585	-0.0987388239217802	174800	139900	231600	2.9925	-0.0674759020704144	174800	139900	231600
YDR099W	BMH2	5	2	gfp	5.43	-0.0876056973949725	425800	320400	497550	0.8225	-0.026911077199663	425800	320400	497550
YDR099W	BMH2	7	2	gfp	4.9925	0.102641748481628	380900	321800	438550	1.54	0.0385420824282893	380900	321800	438550
YDR099W	BMH2	8	1	mch	0.41	0.0071782959572986	85200	49600	212300	3.855	-0.0792668244486913	85200	49600	212300
YDR099W	BMH2	10	2	gfp	22.2375	-0.19505235047208	171900	142600	213050	0.98	0.0352065192569561	171900	142600	213050
YDR099W	BMH2	10	2	gfp	3.7775	0.0847379755409108	643700	557900	721200	1.5975	-0.0452108034331373	643700	557900	721200
YDR099W	BMH2	11	2	gfp	60.4775	-0.308175867121632	305150	280650	324550	0.0175	0.00382174267534788	305150	280650	324550
YDR099W	BMH2	12	1	mch	2.265	-0.0272230729621962	684400	650300	756100	4.365	-0.0730602710747478	684400	650300	756100
YDR099W	BMH2	13	2	mch	1.575	0.0397605185570387	64800	0	115800	3.5575	-0.0760412544059547	64800	0	115800
YDR099W	BMH2	13	2	gfp	9.8825	0.130082127576784	339650	206850	381250	1.56	0.0342942546171288	339650	206850	381250
YDR099W	BMH2	14	2	gfp	10.0325	-0.123974896803257	225850	166000	260600	0.1625	-0.0089667607842244	225850	166000	260600
YDR099W	BMH2	14	2	mch	1.7825	0.0568318255770762	469200	452250	483250	55.9475	0.315885739560851	469200	452250	483250
YDR099W	BMH2	15	2	gfp	8.285	-0.108764523030065	187800	141950	213550	0.5375	-0.00854855736367	187800	141950	213550
YDR099W	BMH2	15	1	oposite	7.09	-0.0850607357508295	564700	547500	587100	4.51	0.0712414133284644	545900	500800	582000
YGL055W	OLE1	1	2	gfp	32.6275	-0.285835835568403	43500	0	56150	1.4925	-0.0468191541139484	43500	0	56150
YGL055W	OLE1	10	1	gfp	3.49	0.0650795235006076	700200	641900	741700	0.14	0.0178652381611903	700200	641900	741700
YGL055W	OLE1	11	1	together	15.5	-0.127433262863985	325400	299800	350100	4.395	-0.0674490094099422	442800	346600	465000
YGL055W	OLE1	11	1	gfp	16.285	-0.1676280133192	411000	390500	434200	3.565	-0.076102858382889	411000	390500	434200
YGL055W	OLE1	12	2	together	67.9725	-0.315607793428334	655100	636350	682250	16.4	-0.177587083427995	681850	654550	711200
YGL055W	OLE1	13	2	oposite	4.8175	0.0904799334868153	62600	0	110050	3.26	-0.066674169395187	47300	0	87100
YGL055W	OLE1	13	2	gfp	4.22	-0.0703543149411031	389650	344900	466750	0.71	0.0133222123767595	389650	344900	466750
YGL055W	OLE1	14	2	mch	0.2875	-0.0097700533390221	465450	445950	490550	25.3425	0.205207101346794	465450	445950	490550
YGL055W	OLE1	15	2	gfp	5.8275	-0.0874340043803269	571950	516150	646950	1.585	0.0350796575418952	571950	516150	646950
YGL202W	ARO8	1	2	gfp	4.84	-0.102940415047245	143400	95800	207800	0.2025	0.0105542532340889	143400	95800	207800
YGL202W	ARO8	2	1	together	7.93	0.113296939819358	134800	114500	154500	6.345	0.106527181071754	117250	59150	162150
YGL202W	ARO8	2	2	mch	0.1675	0.00466987587796429	614800	531200	675550	5.5625	-0.0918014046669312	614800	531200	675550
YGL202W	ARO8	4	1	together	3.88	-0.0784216395089998	171200	140400	215700	3.58	-0.0616584106321726	96100	0	190000
YGL202W	ARO8	4	1	gfp	4.62	0.0805602268611071	614900	474800	722700	0.18	0.00322772800264826	614900	474800	722700
YGL202W	ARO8	4	1	gfp	5.135	0.0894682709006207	691900	634800	763800	0.16	-0.00764163829639347	691900	634800	763800
YGL202W	ARO8	4	1	gfp	3.62	0.0542601659667072	998800	945800	1055300	0.905	0.0161513483497429	998800	945800	1055300
YGL202W	ARO8	5	2	gfp	8.6325	-0.113173625874381	385000	342950	446250	1.8725	-0.0542268079041232	385000	342950	446250
YGL202W	ARO8	8	2	mch	0.17	-0.00324080560446686	103200	69400	137550	7.64	-0.145199615877641	103200	69400	137550
YGL202W	ARO8	8	2	gfp	8.0775	-0.102462772617645	435600	381750	476700	0.5425	-0.0267701219241048	435600	381750	476700
YGL202W	ARO8	10	1	gfp	6.67	-0.102332786740391	157500	123300	216500	1.835	0.0498910039260138	157500	123300	216500
YGL202W	ARO8	11	2	together	24.52	-0.200318690184479	235250	191200	277350	3.855	-0.0607889887907242	290800	181350	484650
YGL202W	ARO8	13	2	together	4.525	-0.110148322176128	32400	0	79350	6.6425	-0.110180966033194	78200	41050	117100
YGL202W	ARO8	13	1	gfp	10.08	0.127631795785801	250800	224000	270600	0.94	0.0382943557169784	250800	224000	270600
YGL202W	ARO8	13	1	gfp	5.455	0.0859515677202396	419900	381900	486700	1.115	0.040904774027495	419900	381900	486700
YGL202W	ARO8	13	2	gfp	6.2075	0.0932195739876216	710750	657600	794800	0.69	0.0242037792898056	710750	657600	794800
YGL202W	ARO8	14	2	gfp	85.4725	-0.402839572676455	162150	148500	177750	1.545	-0.039327328772033	162150	148500	177750
YGL202W	ARO8	14	2	together	14.585	0.180910727113932	468100	449000	537450	46.68	0.290398634232849	462150	450450	480250
YGL202W	ARO8	15	2	gfp	3.48	0.0899854885038792	148000	110900	224850	0.0775	0.00229354269466969	148000	110900	224850
YGL202W	ARO8	15	1	together	4.715	0.0817976479329513	572900	516700	592200	5.215	0.0601949990088187	572900	516700	592200
YGL202W	ARO8	15	2	gfp	13.1525	0.149388611399466	703850	659550	793450	0.2825	-0.0220470117952277	703850	659550	793450
YGL202W	ARO8	16	1	gfp	4.055	0.079522294509663	176400	121700	365600	1.615	0.0479553264491506	176400	121700	365600
YGL202W	ARO8	16	1	gfp	3.33	0.0641743948355862	281900	69800	391900	2.28	0.0569358151520848	281900	69800	391900
YJR048W	CYC1	2	2	mch	0.3025	0.0137513197406535	620700	501350	674400	3.1475	-0.0677787741882717	620700	501350	674400
YJR048W	CYC1	4	1	mch	2.605	-0.0590651827801897	228800	156400	321800	3.565	-0.0747539360866605	228800	156400	321800
YJR048W	CYC1	5	2	gfp	7.1725	-0.107819666662278	397450	360250	479700	1.88	-0.0325901969793389	397450	360250	479700
YJR048W	CYC1	11	2	together	7.7675	-0.0973220142793763	189300	137600	263900	5.795	-0.0915119526408423	253300	159500	307000
YJR048W	CYC1	12	2	together	308.795	-0.929638702983122	661850	653200	670400	150.095	-0.534789679144888	669250	653000	680250
YJR048W	CYC1	13	2	oposite	4.435	0.0772037693092868	59050	0	85500	6.9425	-0.101586074401499	59050	0	85500
YJR048W	CYC1	13	2	together	10.4125	0.13447999623811	369050	312250	430000	3.665	0.0628154165384753	363400	288900	430200
YJR048W	CYC1	14	2	mch	1.6075	0.0558681501028388	464050	443150	485250	38.7475	0.273541975174427	464050	443150	485250
YJR048W	CYC1	15	2	together	12.26	-0.141655979245521	139800	110250	172000	3.24	-0.06045977893382	151900	0	229900
YKL035W	UGP1	1	2	gfp	3.565	-0.0852315061390689	162000	112800	199400	0.346666666666667	0.0304211161047994	162000	112800	199400
YKL035W	UGP1	4	2	gfp	4.815	-0.0852305326731091	76300	0	132650	3.22166666666667	-0.0656572555447942	76300	0	132650
YKL035W	UGP1	4	3	oposite	16.5511111111111	0.173377213391118	1040200	1004566.66666667	1091466.66666667	26.0544444444444	-0.205549735930151	1071200	1030200	1102333.33333333
YKL035W	UGP1	7	1	gfp	4.76666666666667	0.0998132004911911	125700	106600	182200	0.573333333333333	-0.0196345904275894	125700	106600	182200
YKL035W	UGP1	7	2	gfp	3.71166666666667	0.0831313939515499	355650	307000	416700	0.526666666666667	0.0196026030632962	355650	307000	416700
YKL035W	UGP1	10	3	oposite	49.3077777777778	-0.307309529860168	148566.666666667	137333.333333333	166466.666666667	5.21555555555556	0.118297369655377	130133.333333333	47300	199233.333333333
YKL035W	UGP1	10	1	gfp	6.8	0.0737024648674612	657600	632200	674600	1.33	-0.043904659166565	657600	632200	674600
YKL035W	UGP1	12	3	gfp	30.6144444444444	0.241435943006726	686366.666666667	653166.666666667	724000	1.51111111111111	-0.0365410990872826	686366.666666667	653166.666666667	724000
YKL035W	UGP1	13	3	mch	1.60555555555556	0.0440742092304134	52033.3333333333	12666.6666666667	121400	6.01222222222222	-0.102693775501125	52033.3333333333	12666.6666666667	121400
YKL035W	UGP1	13	3	gfp	5.50111111111111	0.087287073536748	278733.333333333	171700	338333.333333333	1.27333333333333	0.0294976945541756	278733.333333333	171700	338333.333333333
YKL035W	UGP1	14	3	together	14.6144444444444	0.166145104324205	484300	449400	509733.333333333	29.3288888888889	0.24409344952275	483333.333333333	457800	500666.666666667
YKL035W	UGP1	15	3	gfp	23.6844444444444	-0.213459249639876	162766.666666667	141766.666666667	185533.333333333	2.61777777777778	-0.0465610761284391	162766.666666667	141766.666666667	185533.333333333
YKR080W	MTD1	2	2	mch	0.1375	0.0115998913233565	570950	528650	631050	8.5875	-0.130762441722662	570950	528650	631050
YKR080W	MTD1	7	1	gfp	5.335	0.0920120552668315	391900	345200	445600	1.28	0.0337559250417012	391900	345200	445600
YKR080W	MTD1	7	1	gfp	5.325	0.074370499333516	530100	371700	585700	0.61	0.0170330856987762	530100	371700	585700
YKR080W	MTD1	8	2	together	6.2	-0.0820694064326351	112800	76000	142100	10.105	-0.111805607881535	112800	76000	142100
YKR080W	MTD1	10	2	together	8.3375	0.117909837302116	181550	110950	214750	11.5825	0.154143739898669	133300	99300	222150
YKR080W	MTD1	11	1	gfp	3.435	-0.0721488762418634	219000	100200	289800	2.145	-0.046421438663926	219000	100200	289800
YKR080W	MTD1	12	1	mch	0.21	-0.0179667805595199	693300	640600	740800	3.445	-0.073938972889194	693300	640600	740800
YKR080W	MTD1	13	2	gfp	37.8925	0.250960492636517	136900	119750	162000	1.825	-0.0462039786501799	136900	119750	162000
YKR080W	MTD1	13	1	gfp	3.41	0.0748345550345995	885600	815500	922700	1.065	0.0250075131145734	885600	815500	922700
YKR080W	MTD1	14	2	gfp	29.745	-0.23095385535363	200700	173850	235250	0.635	-0.0382255509298771	200700	173850	235250
YKR080W	MTD1	14	2	mch	3.0175	-0.0544164090471851	466750	442600	494250	38.7325	0.264791553782931	466750	442600	494250
YKR080W	MTD1	15	2	gfp	5.27	0.0976650887309083	742300	691500	820700	2.085	-0.0491211253563099	742300	691500	820700
YLL028W	TPO1	2	1	mch	0.265	0.0102115347720909	626000	512800	668200	4.4	-0.0763648118872198	626000	512800	668200
YLL028W	TPO1	7	2	gfp	7.2625	-0.103415628941977	123000	80450	201050	1.9675	-0.0571448232880832	123000	80450	201050
YLL028W	TPO1	7	2	gfp	14.355	-0.159673359040145	495850	464350	524700	1.1275	-0.0317207969649097	495850	464350	524700
YLL028W	TPO1	11	2	mch	0.5875	-0.0140145996216189	308500	264300	362900	4.0875	-0.0581605394577704	308500	264300	362900
YLL028W	TPO1	12	2	together	31.3	-0.232287098583001	682550	662700	706050	12.7675	-0.134170507903013	677200	625300	715450
YLL028W	TPO1	13	2	mch	1.5575	-0.0366775508219608	63400	18900	110600	7.6425	-0.114001261797591	63400	18900	110600
YLL028W	TPO1	14	2	together	13.75	0.155122180470544	442800	415200	472650	32.6775	0.245896914972749	469400	448900	488600
YLL028W	TPO1	15	2	together	291.7825	-0.820170154968355	146300	138800	154000	17.3475	-0.155906879855757	144550	103250	177550
YLL028W	TPO1	15	1	gfp	8.57	0.103098650970983	603300	582800	644400	0.78	-0.0191306528705326	603300	582800	644400
YLL028W	TPO1	15	1	gfp	5.88	0.0889108487137886	702200	619900	768700	1.505	-0.0434386096802095	702200	619900	768700
YLR286C	CTS1	4	1	mch	0.78	0.0270013968579756	156100	88300	192300	3.74	-0.0693476043889006	156100	88300	192300
YLR286C	CTS1	5	1	mch	0.46	0.00779406512715969	331400	291300	362400	3.805	-0.072260969172509	331400	291300	362400
YLR286C	CTS1	8	1	mch	0.38	-0.00189963831058212	86500	56100	127600	4.66	-0.0753988668932218	86500	56100	127600
YLR286C	CTS1	10	1	together	3.605	0.0467442587558858	377400	290700	407000	3.4575	0.0763576992790567	381350	187750	451150
YLR286C	CTS1	11	1	mch	0.625	-0.00711691961267732	222800	102400	296900	3.415	-0.0670664423009744	222800	102400	296900
YLR286C	CTS1	13	2	oposite	14.165	0.154882276808663	64400	11050	104050	3.51	-0.0540620904459339	68900	0	105700
YLR286C	CTS1	14	2	mch	2.1925	-0.0368241967702904	466700	442350	506550	18.515	0.164685069414101	466700	442350	506550
YOR293W	RPS10A	2	1	mch	1.77	-0.091513580436536	609500	557200	656200	6.09	-0.10330676660772	609500	557200	656200
YOR293W	RPS10A	3	1	gfp	8.78	0.0475440037369084	106400	69300	198900	0.61	0.0363803939240787	106400	69300	198900
YOR293W	RPS10A	4	1	mch	0.45	-0.0355164657188146	90300	57900	132500	6.56	-0.10481669179115	90300	57900	132500
YOR293W	RPS10A	4	1	mch	0.74	-0.00202083046500423	926300	876700	1036500	3.33	0.0499419276826134	926300	876700	1036500
YOR293W	RPS10A	10	1	mch	0.49	0.019240482649299	520700	430700	632100	3.22	0.0643065006409185	520700	430700	632100
YOR293W	RPS10A	11	1	together	4.35	-0.171844478397606	229900	75400	293800	5.22	-0.0884232515945969	213000	140600	299800
YOR293W	RPS10A	13	1	gfp	22.38	0.188021693948214	88000	68300	141100	1.87	-0.0558486418765508	88000	68300	141100
YOR293W	RPS10A	13	1	together	7.92	0.104052483112707	262700	224500	391200	6.07	0.111326895159492	262700	224500	391200
YOR293W	RPS10A	14	1	gfp	5.17	-0.0974573286027281	217700	126400	329500	2.14	0.0360241183997461	217700	126400	329500
YOR293W	RPS10A	14	1	mch	1.87	-0.0597460029045319	471000	442800	490900	32.43	0.231123004481097	471000	442800	490900
YOR293W	RPS10A	15	1	gfp	5.18	0.0771889576206052	138300	108300	181200	1.69	0.0330904269124033	138300	108300	181200
YOR293W	RPS10A	15	1	gfp	12.98	0.0809527167672207	785000	767700	818700	0.48	0.0344025862020119	785000	767700	818700
YOR293W	RPS10A	16	1	mch	2.73	0.0768835908934344	198900	165100	249800	5.11	0.0867473246873423	198900	165100	249800
YOR293W	RPS10A	16	1	gfp	3.04	-0.116712460705829	453100	398300	626800	0.47	-0.0283414896085218	453100	398300	626800
