Time	T° eGFP:488,520	A1	A2	A3	A4	A5	A6	A7	A8	A9	A10	A11	A12	B1	B2	B3	B4	B5	B6	B7	B8	B9	B10	B11	B12	C1	C2	C3	C4	C5	C6	C7	C8	C9	C10	C11	C12	D1	D2	D3	D4	D5	D6	D7	D8	D9	D10	D11	D12	E1	E2	E3	E4	E5	E6	E7	E8	E9	E10	E11	E12	F1	F2	F3	F4	F5	F6	F7	F8	F9	F10	F11	F12	G1	G2	G3	G4	G5	G6	G7	G8	G9	G10	G11	G12	H1	H2	H3	H4	H5	H6	H7	H8	H9	H10	H11	H12
0:00:11	29.1	1132	961	1007	882	2056	904	983	969	878	916	857	791	1164	970	1007	959	1137	1012	1075	1016	975	927	1427	1515	1034	950	1098	968	1403	1145	1208	1090	903	1014	1007	957	1298	1356	947	1040	1130	961	964	1255	978	1053	863	835	1170	919	934	898	1097	892	970	926	961	1177	955	921	958	997	971	883	1249	997	1083	994	1160	1034	849	827	945	882	884	991	1308	798	999	930	1000	922	958	944	1130	813	924	874	1001	1064	888	1184	751	775	893	872
0:15:49	29.1	1214	1085	1035	903	2243	954	968	1015	1060	976	845	835	1241	981	1100	970	1309	1025	1182	1089	1064	987	1504	1509	1106	959	1126	1048	1492	1120	1416	1262	915	1090	1009	985	1301	1064	979	1120	1214	982	1018	1304	982	1098	887	878	1210	1075	1005	890	1191	902	1064	979	1011	1156	945	952	1012	1068	1023	956	1460	1049	1256	1064	1201	1090	868	859	1043	951	884	1016	1424	846	1063	982	1066	908	974	983	1334	889	976	908	1139	1163	905	1108	768	769	913	933
0:31:28	29.1	1269	1131	1067	906	2349	955	1041	1099	1044	972	856	872	1243	1049	1106	1058	1390	1107	1290	1165	1096	1025	1544	1519	1208	998	1192	1075	1568	1155	1486	1337	975	1164	1045	1023	1376	1127	1034	1213	1275	1013	1038	1294	1037	1194	916	927	1245	1121	1032	1005	1294	929	1098	982	1072	1228	955	986	1063	1164	1066	1029	1525	1087	1311	1086	1295	1213	845	861	1122	941	952	1125	1509	862	1099	968	1092	962	1064	1000	1385	844	985	901	1226	1222	950	1103	780	752	954	934
0:47:07	29.1	1330	1133	1085	957	2370	970	1079	1123	1108	1020	889	873	1345	1030	1139	1052	1429	1120	1264	1128	1121	1017	1578	1480	1192	977	1138	1075	1593	1173	1493	1382	986	1198	1045	1046	1391	1113	1061	1213	1322	1045	1041	1346	1013	1173	920	920	1208	1144	1048	985	1293	942	1134	1057	1086	1218	989	973	1047	1175	1098	1062	1603	1127	1322	1137	1321	1262	870	882	1135	978	963	1125	1562	871	1119	1070	1139	938	1039	1045	1359	860	1042	916	1258	1246	980	1101	777	773	970	978
1:02:46	29.1	1357	1139	1090	979	2439	1008	1066	1163	1134	1045	890	865	1332	1069	1151	1078	1481	1142	1327	1202	1124	1033	1621	1512	1248	988	1176	1144	1620	1204	1519	1377	1007	1210	1037	1015	1393	1123	1065	1250	1322	1034	1076	1387	1043	1224	899	909	1215	1131	1081	969	1346	945	1140	1041	1092	1228	989	1007	1065	1151	1096	1073	1654	1111	1339	1158	1326	1284	888	884	1120	995	946	1158	1587	872	1192	1052	1157	975	1064	1021	1395	897	1028	933	1240	1276	975	1127	747	723	935	975
1:18:24	29.1	1345	1139	1138	953	2468	1011	1102	1147	1145	1032	880	889	1306	1094	1170	1127	1490	1101	1328	1200	1143	1051	1545	1547	1257	1039	1201	1167	1647	1173	1543	1433	1006	1201	1088	1044	1397	1107	1079	1271	1343	1048	1059	1341	1057	1245	925	930	1204	1175	1121	973	1312	948	1214	1054	1103	1214	1028	1011	1113	1216	1133	1068	1622	1162	1372	1151	1342	1312	884	897	1140	998	986	1151	1567	826	1145	1074	1167	983	1030	1008	1458	898	1038	932	1284	1340	987	1164	806	750	979	1009
1:34:03	29.1	1424	1179	1108	936	2508	1033	1110	1165	1157	1005	912	920	1344	1140	1200	1084	1494	1139	1352	1207	1179	1050	1622	1477	1233	1042	1236	1185	1629	1207	1590	1475	994	1253	1083	1042	1408	1147	1134	1288	1380	1055	1110	1415	1087	1270	945	919	1260	1195	1097	956	1434	968	1191	1069	1096	1249	1028	1006	1146	1213	1195	1036	1677	1171	1466	1152	1364	1333	887	893	1196	1024	969	1184	1610	852	1171	1074	1214	991	1055	1040	1480	891	1030	956	1309	1337	1020	1133	761	762	998	992
1:49:43	29.1	1385	1223	1147	965	2551	1058	1087	1182	1163	1044	900	869	1380	1122	1178	1148	1513	1168	1363	1240	1145	1100	1613	1514	1267	1047	1269	1166	1644	1174	1680	1507	1024	1273	1010	1051	1464	1158	1100	1320	1340	1113	1070	1428	1086	1253	905	908	1265	1187	1129	994	1405	939	1217	1050	1133	1286	1005	1003	1095	1252	1187	1079	1642	1140	1423	1206	1339	1381	891	893	1216	1077	1009	1176	1640	870	1178	1082	1175	948	1067	1005	1456	920	1055	942	1274	1352	1010	1137	747	753	1002	996
2:05:21	29.1	1453	1205	1149	953	2553	1048	1147	1192	1183	1060	899	916	1373	1172	1248	1170	1529	1179	1415	1264	1147	1084	1590	1523	1285	1019	1319	1212	1648	1198	1658	1466	1047	1267	1047	1028	1483	1159	1148	1353	1362	1073	1119	1467	1076	1279	934	903	1271	1197	1120	984	1384	933	1226	1094	1122	1289	997	1026	1092	1226	1239	1128	1678	1199	1470	1183	1337	1406	913	921	1192	1045	1021	1174	1622	872	1192	1080	1221	1020	1112	1043	1472	902	1051	939	1319	1330	1033	1172	761	778	975	995
2:21:00	29.1	1458	1229	1195	935	2579	1073	1177	1254	1229	1064	901	888	1378	1163	1241	1158	1505	1176	1386	1275	1178	1124	1596	1514	1228	1044	1288	1202	1666	1210	1714	1513	1028	1317	1071	1022	1496	1149	1117	1418	1402	1077	1096	1504	1082	1270	921	955	1340	1191	1137	1003	1400	951	1252	1066	1166	1381	1005	1043	1128	1257	1220	1158	1685	1200	1525	1178	1392	1393	930	898	1201	1066	1007	1213	1686	869	1185	1132	1219	1013	1097	1057	1479	960	1086	918	1306	1386	1028	1172	771	796	983	987
2:36:38	29.1	1541	1241	1216	961	2616	1095	1178	1223	1242	1062	922	907	1403	1208	1323	1172	1574	1181	1433	1264	1200	1111	1599	1533	1337	1054	1390	1243	1732	1238	1745	1543	1050	1350	1082	1046	1528	1148	1204	1405	1379	1097	1130	1514	1062	1322	928	946	1366	1247	1159	1011	1407	956	1315	1088	1181	1339	1037	988	1179	1251	1239	1151	1764	1184	1509	1228	1389	1404	905	906	1226	1092	1051	1251	1688	899	1201	1117	1253	1053	1068	1038	1501	929	1119	966	1335	1400	1045	1231	746	785	990	1001
2:52:18	29.1	1615	1268	1205	979	2831	1117	1186	1282	1253	1110	914	897	1434	1215	1329	1180	1584	1230	1510	1307	1218	1137	1587	1552	1332	1062	1432	1254	1723	1250	1779	1611	1040	1322	1083	1059	1573	1194	1246	1462	1425	1085	1138	1573	1131	1356	933	933	1433	1298	1189	1048	1474	963	1319	1098	1195	1386	1039	1030	1184	1261	1332	1182	1814	1247	1577	1248	1489	1479	930	914	1255	1077	1011	1234	1693	902	1197	1150	1256	1026	1121	1036	1586	913	1135	936	1379	1513	1086	1264	751	783	1005	1064
3:07:56	29.1	1633	1343	1263	1057	3016	1153	1250	1320	1264	1108	912	931	1542	1294	1393	1228	1657	1260	1581	1360	1256	1177	1616	1610	1342	1118	1511	1299	1863	1337	1876	1616	1039	1372	1116	1071	1650	1193	1233	1498	1484	1115	1171	1678	1129	1397	904	955	1433	1364	1234	1025	1521	969	1357	1120	1224	1424	1031	1050	1171	1344	1389	1197	1827	1239	1645	1257	1484	1548	929	898	1281	1109	1044	1337	1743	917	1251	1158	1308	1044	1056	1030	1580	964	1137	976	1428	1566	1084	1301	768	751	1015	989
3:23:35	29.1	1660	1407	1311	1014	3460	1175	1296	1356	1348	1123	918	914	1562	1314	1468	1252	1733	1271	1648	1371	1319	1210	1579	1609	1433	1126	1614	1300	1828	1345	1949	1668	1106	1453	1081	1067	1721	1244	1318	1512	1492	1187	1190	1740	1167	1447	918	977	1524	1384	1300	1081	1499	992	1413	1136	1273	1508	1056	1050	1185	1345	1459	1255	1898	1359	1623	1349	1541	1607	932	906	1302	1139	1075	1366	1838	912	1235	1179	1347	1107	1097	1047	1694	953	1206	1012	1464	1611	1088	1370	744	761	999	984
3:39:14	29.1	1785	1454	1431	1000	3595	1201	1312	1426	1416	1194	934	888	1622	1328	1506	1328	1815	1311	1674	1495	1353	1227	1614	1556	1426	1197	1675	1424	1909	1421	2234	1816	1120	1555	1111	1049	1833	1276	1374	1604	1587	1218	1218	1875	1198	1506	921	994	1649	1389	1318	1125	1513	990	1442	1207	1315	1599	1081	1040	1224	1380	1484	1288	2016	1373	1713	1356	1629	1672	943	912	1313	1177	1083	1374	1936	949	1332	1230	1409	1114	1114	1023	1779	1029	1201	1012	1470	1719	1142	1412	737	766	1028	1014
3:54:53	29.1	1863	1516	1467	1065	3914	1257	1434	1480	1470	1225	913	945	1659	1470	1628	1351	1875	1409	1722	1514	1463	1307	1607	1575	1552	1261	1754	1502	2044	1487	2436	1986	1159	1638	1100	1048	1881	1377	1446	1665	1667	1268	1287	2169	1290	1581	947	958	1728	1569	1385	1119	1680	1064	1517	1254	1361	1643	1083	1090	1325	1432	1579	1326	2047	1452	1927	1472	1719	1746	936	934	1414	1225	1107	1489	2013	980	1420	1300	1486	1133	1113	1041	1864	1031	1224	1012	1567	1894	1158	1483	749	752	1048	1043
4:10:31	29.1	1929	1576	1551	1138	4174	1279	1493	1555	1529	1320	927	908	1745	1506	1765	1487	2000	1464	1880	1623	1544	1368	1643	1587	1636	1294	2007	1577	2202	1596	2770	2201	1209	1648	1096	1089	1988	1416	1527	1752	1746	1288	1380	2415	1302	1602	986	968	1870	1546	1457	1182	1673	1095	1589	1313	1477	1770	1078	1082	1376	1502	1715	1496	2209	1491	2164	1506	1831	1878	943	926	1420	1266	1196	1578	2062	973	1505	1359	1557	1195	1108	1037	2017	1039	1341	1071	1589	2137	1224	1613	792	772	1032	1023
4:26:10	29.1	2053	1687	1640	1203	4452	1398	1533	1590	1550	1361	931	919	1847	1585	1863	1530	2168	1546	2116	1672	1608	1451	1607	1635	1694	1341	2261	1641	2522	1729	2925	2461	1275	1704	1125	1041	2244	1510	1601	1912	1890	1353	1467	2538	1373	1745	978	981	1935	1654	1570	1219	1761	1159	1690	1319	1533	1931	1132	1105	1459	1572	1781	1508	2420	1615	2438	1558	2101	2003	923	934	1484	1328	1223	1577	2210	978	1541	1438	1649	1231	1176	1117	2157	1114	1406	1108	1704	2318	1300	1721	733	773	1032	1018
4:41:49	29.1	2244	1789	1764	1281	4980	1428	1605	1686	1641	1451	945	943	2009	1664	2121	1582	2465	1595	2372	1714	1635	1522	1687	1614	1717	1438	2488	1772	2783	1865	3112	2688	1295	1827	1090	1074	2552	1610	1736	2232	1917	1397	1520	2822	1474	1827	954	984	2067	1706	1636	1289	1771	1121	1824	1392	1591	2141	1126	1084	1536	1646	1920	1576	2737	1669	2616	1678	2399	2237	968	974	1556	1422	1265	1708	2489	988	1575	1477	1740	1322	1171	1122	2422	1101	1476	1136	1741	2577	1290	1906	762	768	1033	1014
4:57:28	29.1	2561	2047	2052	1315	5432	1496	1713	1775	1721	1526	965	947	2361	1759	2360	1710	2729	1630	2509	1904	1851	1623	1682	1644	1825	1546	2667	2021	2979	2131	3391	2982	1377	1991	1121	1059	2754	1762	1892	2356	2112	1481	1627	3122	1500	1984	958	963	2368	1929	1770	1350	1908	1248	2119	1483	1654	2269	1150	1118	1602	1738	2100	1713	2969	1798	2877	1772	2476	2412	967	968	1604	1508	1324	2018	2779	1031	1676	1587	1802	1433	1142	1090	2689	1141	1602	1204	1853	2914	1388	2252	748	755	1044	1028
5:13:07	29.1	2796	2332	2277	1366	6042	1601	1855	1937	1921	1734	970	966	2590	1993	2598	1894	2905	1753	2717	2132	2101	1812	1730	1660	2008	1604	2944	2265	3201	2291	3724	3183	1455	2196	1158	1081	3020	2016	2141	2470	2319	1500	1757	3387	1636	2222	992	1015	2596	2185	1941	1483	1970	1331	2286	1563	1738	2500	1153	1133	1693	1855	2341	1852	3237	1969	3188	2061	2753	2621	991	979	1678	1551	1431	2231	3047	1050	1847	1692	1996	1503	1191	1138	2897	1227	1711	1271	1940	3154	1474	2413	737	763	1072	1023
5:28:45	29.1	2999	2374	2525	1455	6721	1611	2107	2193	2145	1909	963	944	2784	2199	2782	2103	3159	2002	3012	2421	2269	1954	1771	1701	2205	1722	3124	2396	3475	2486	4083	3422	1536	2400	1138	1107	3330	2200	2324	2714	2582	1583	1928	3693	1767	2364	1006	1021	2855	2409	2095	1548	2120	1393	2482	1660	2024	2692	1199	1163	1770	1945	2577	2148	3545	2305	3496	2252	3024	2820	993	986	1784	1668	1546	2432	3320	1094	2105	1795	2240	1583	1223	1168	3166	1273	1921	1366	2071	3507	1553	2552	755	769	1043	1070
5:44:24	29.1	3310	2659	2684	1533	7357	1738	2340	2440	2332	2046	1007	976	3098	2431	3095	2296	3540	2202	3395	2528	2437	2096	1765	1714	2490	1952	3581	2643	3811	2696	4525	3825	1611	2577	1139	1087	3765	2393	2510	3001	2813	1809	2236	3985	2049	2566	1031	1038	3198	2564	2375	1603	2360	1427	2714	1732	2233	2932	1229	1210	1916	2002	2747	2337	3851	2413	3748	2498	3387	3065	1003	973	1839	1791	1614	2628	3583	1118	2315	2011	2385	1791	1277	1210	3571	1292	2161	1376	2388	3852	1609	2862	729	763	1073	1067
6:00:03	29.1	3581	2885	2882	1703	8037	1965	2487	2520	2498	2243	1018	1000	3375	2605	3365	2435	3812	2338	3688	2707	2529	2320	1815	1750	2709	2161	3831	2827	4197	2982	5004	4098	1712	2712	1138	1124	4189	2598	2702	3247	3065	1977	2345	4536	2155	2762	1059	1040	3546	2783	2515	1676	2704	1515	2901	1981	2396	3255	1263	1264	2079	2209	3032	2524	4247	2544	4045	2637	3593	3325	1042	996	1964	1975	1698	2903	3964	1140	2428	2258	2518	1899	1246	1210	3900	1358	2378	1490	2580	4162	1659	3086	750	723	1090	1071
6:15:43	29.1	3944	3181	3324	1822	8483	2167	2655	2744	2733	2382	1050	1023	3712	2820	3689	2719	4204	2543	4004	2957	2879	2514	1833	1842	2931	2274	4238	3171	4664	3216	5409	4620	1797	2947	1202	1143	4521	2869	3051	3568	3406	2115	2584	4966	2297	2926	1060	1054	3884	3061	2705	1861	2844	1611	3258	2122	2614	3551	1312	1326	2312	2506	3245	2729	4607	2877	4528	2889	3917	3560	1063	1026	2185	2124	1858	3185	4363	1238	2682	2455	2783	2113	1320	1250	4365	1406	2639	1600	2788	4640	1804	3455	785	766	1129	1078
6:31:21	29.1	4262	3402	3531	2087	9198	2260	2957	2981	2911	2700	1041	1041	4074	3093	4020	2915	4685	2766	4291	3250	3098	2840	1930	1948	3346	2515	4603	3429	5100	3552	5773	5084	2075	3183	1194	1152	4952	3133	3345	3869	3793	2321	2765	5340	2590	3238	1088	1059	4266	3303	2971	2023	3196	1810	3462	2253	2800	3870	1377	1347	2609	2681	3595	2958	5170	3131	5025	3161	4409	3967	1046	1051	2457	2380	2138	3482	4758	1292	2994	2543	3028	2296	1379	1286	4819	1487	2868	1676	3092	5072	1951	3750	752	755	1223	1136
6:47:00	29.1	4728	3774	3836	2224	9725	2391	3179	3162	3148	2947	1032	1046	4410	3387	4378	3271	5148	3024	4778	3511	3383	3023	2046	2116	3648	2740	5065	3669	5581	3974	6067	5430	2189	3433	1213	1197	5513	3458	3541	4275	4060	2544	2994	5726	2771	3518	1123	1063	4795	3675	3329	2253	3433	1997	3835	2481	2987	4185	1391	1351	2875	2931	3852	3298	5580	3381	5375	3400	4734	4346	1132	1078	2670	2479	2291	3739	5108	1344	3216	2800	3279	2502	1456	1349	5186	1569	3153	1871	3338	5434	2272	4027	754	730	1213	1191
7:02:39	29.1	5156	4114	4209	2382	10246	2643	3485	3420	3489	3169	1069	1029	4934	3592	4834	3479	5659	3258	5147	3710	3739	3340	2158	2192	3981	3032	5441	4094	6188	4373	6511	5777	2373	3710	1285	1179	6025	3758	3845	4579	4431	2699	3211	6063	3008	3819	1159	1162	5184	3972	3599	2443	3749	2180	4225	2718	3364	4709	1497	1428	3057	3181	4158	3620	6099	3677	5787	3684	5141	4768	1146	1132	2868	2656	2455	4159	5737	1434	3447	3054	3580	2752	1514	1382	5821	1698	3409	2114	3704	5796	2385	4384	770	738	1263	1209
7:18:18	29.1	5683	4508	4670	2585	10652	2844	3783	3605	3633	3456	1120	1101	5466	4109	5258	3847	6215	3554	5726	4145	3974	3659	2333	2292	4359	3294	5769	4510	6591	4822	6817	6024	2519	4152	1287	1251	6678	4234	4224	4953	4881	3013	3615	6412	3314	4276	1204	1215	5896	4399	4000	2672	4077	2292	4672	2877	3512	5105	1502	1489	3441	3439	4599	3910	6659	4013	6050	4139	5450	5172	1188	1204	3126	2951	2688	4526	6269	1479	3827	3275	3834	3070	1550	1449	6325	1855	3751	2277	3941	6208	2538	4869	753	761	1312	1238
7:33:58	29.1	6207	4899	5083	2803	9472	3047	4153	3949	3978	3855	1171	1152	5980	4430	5628	4163	6856	3857	6000	4521	4430	4055	2408	2396	4798	3534	6141	4859	7136	5209	7205	6377	2710	4520	1368	1282	7085	4616	4692	5329	5382	3246	3896	6766	3561	4659	1258	1254	6503	4780	4261	2895	4354	2528	5066	3073	3819	5537	1571	1489	3791	3934	5000	4224	7102	4419	6356	4376	5862	5664	1234	1222	3457	3182	2923	4822	6744	1568	4142	3568	4291	3321	1626	1558	6697	2031	3989	2517	4368	6489	2748	5182	761	753	1420	1350
7:49:37	29.1	6714	5339	5486	3055	9363	3355	4516	4332	4451	4320	1218	1216	6453	4794	6144	4554	7283	4239	6520	4917	4832	4500	2613	2680	5281	3991	6562	5203	7589	5621	7406	6716	2982	4969	1434	1306	7688	5092	5143	5623	5986	3537	4454	7072	4040	5059	1255	1330	7083	5187	4802	3156	4821	2790	5385	3386	4195	5909	1650	1515	4168	4193	5333	4649	7663	4857	6846	4812	6134	6084	1269	1254	3784	3518	3220	5261	7199	1623	4597	3869	4627	3691	1792	1718	7272	2222	4476	2619	4685	6854	2997	5401	746	747	1414	1375
8:05:16	29.1	7111	5606	5665	3297	9274	3579	4867	4728	4733	4687	1281	1272	6910	5269	6412	5007	7788	4631	6812	5061	5213	4861	2739	2841	5857	4404	6793	5434	8114	5930	6868	6863	3129	5257	1443	1366	8114	5543	5440	5871	6419	3904	4691	7109	4356	5464	1351	1358	7570	5572	5174	3397	5391	3014	5780	3677	4667	6324	1651	1582	4570	4693	5620	5019	8048	5234	6942	5185	6437	6272	1359	1306	4132	3896	3581	5595	7645	1841	4921	4216	4926	4015	1975	1842	7667	2420	4780	2908	5120	7096	3214	5818	776	751	1487	1454
8:20:55	29.1	7587	5887	6116	3594	9241	3947	5262	5026	5086	5134	1282	1296	7442	5548	6684	5233	8229	4998	7086	5554	5449	5198	2976	3130	6220	4769	7071	5743	8405	6209	6557	7049	3425	5637	1541	1398	8591	5851	5784	6133	6975	4331	4956	6346	4613	5927	1418	1388	7940	5896	5592	3618	5793	3181	5993	4091	4881	6611	1751	1675	5109	5106	6001	5367	8480	5559	7311	5397	6679	6647	1384	1364	4585	4111	3740	5810	8073	2013	5255	4502	5190	4414	2066	1949	8044	2564	5194	3162	5537	7282	3440	6068	734	715	1607	1587
8:36:34	29.1	8034	6209	6393	3864	9099	4258	5625	5298	5380	5507	1409	1315	7884	5905	6861	5640	8608	5282	7411	5754	5818	5619	3209	3410	6823	5152	7313	6137	8888	6578	6425	6327	3710	6035	1583	1414	9081	6225	6141	6350	7447	4630	5357	6239	5098	6150	1410	1413	8471	6130	5749	3887	6232	3621	6305	4349	5136	6934	1928	1834	5485	5574	6299	5573	8860	5808	6803	5767	6963	7099	1441	1376	4888	4604	4163	6167	8556	2151	5582	4875	5565	4906	2161	2054	8549	2872	5611	3487	6019	7140	3691	6327	729	754	1792	1686
8:52:13	29.1	8421	6545	6658	4237	9176	4668	5939	5634	5714	5795	1429	1339	8303	6238	7277	5947	9099	5585	7637	6054	5992	5883	3481	3753	7203	5458	6773	6319	9405	6745	6508	6195	4129	6354	1606	1530	9497	6543	6400	6550	7833	4980	5608	6308	5337	6568	1519	1476	8894	6463	6021	4295	6719	3894	6645	4740	5464	7211	2050	2056	5976	5944	6514	6007	9438	6226	6440	6154	7032	7332	1500	1457	5319	4925	4557	6367	9007	2309	5874	5164	5752	5249	2405	2254	8954	3035	5932	3736	6316	6514	4082	6576	748	744	1917	1835
9:07:52	29.1	8849	6859	7049	4636	9174	4959	6178	5885	5925	6232	1470	1424	8696	6508	7488	6224	9433	5855	7803	6340	6379	6226	3704	4060	7640	5921	6309	6529	9130	7099	6452	6202	4402	6647	1679	1592	9839	6851	6639	6691	8197	5311	5923	6299	5637	6860	1577	1584	9366	6684	6358	4565	7168	4335	6832	5006	5732	7304	2227	2066	6464	6480	6696	6190	9714	6435	6431	6268	6317	7487	1624	1542	5708	5277	4818	6638	9302	2561	6100	5489	5986	5693	2520	2451	9216	3302	6139	3985	6834	6430	4402	6792	738	731	2091	1965
9:23:31	29.1	9320	7142	7219	4912	9031	5271	6385	6215	6158	6613	1524	1533	9088	6821	6840	6504	9623	6248	7104	6506	6606	6462	4165	4390	7884	6138	6266	6811	8256	7138	6348	6148	4725	6876	1868	1823	9755	7191	6794	6067	8590	5633	6249	6387	5813	7123	1684	1746	9720	7038	6626	4910	7520	4689	7113	5298	5945	7540	2349	2211	6814	6923	7158	6458	9601	6602	6361	6507	6190	7642	1793	1780	6184	5604	5168	6829	9537	2630	6314	5715	6293	5971	2763	2635	9668	3618	6374	4356	7098	6473	4677	6859	772	761	2248	2067
9:39:10	29.1	9410	7026	7260	5175	8978	5451	6747	6355	6476	6870	1643	1585	9476	6998	6471	6638	8648	6256	6797	6713	6841	6851	4330	4716	8333	6479	6211	6978	8256	6407	6418	6208	4966	7146	2005	1889	8708	7409	7120	5866	9006	5930	6324	6277	6188	7279	1891	1913	10080	7132	6828	5269	7806	4940	6946	5531	6130	7187	2462	2367	7233	7289	7137	6726	8627	6827	6377	6743	6174	7042	1894	1846	6542	5889	5451	6945	8662	2870	6584	5931	6428	6242	2943	2816	9441	3878	6588	4614	7565	6478	4956	6272	760	737	2373	2253
9:54:49	29.1	8510	6393	6472	5451	9050	5744	6946	6481	6661	7118	1756	1680	9132	6959	6537	6868	8514	6632	6775	6247	6698	7005	4637	4950	8675	6733	6177	6378	8174	6366	6335	6131	5366	7291	2139	1977	8687	7462	6942	5853	9429	6127	6671	6342	6335	7578	2045	1919	10340	6988	7058	5571	8377	5232	6397	5818	6457	6775	2586	2577	7580	7583	7421	6907	8530	6947	6356	6772	6200	6827	2003	1924	6829	6103	5770	6314	8509	3125	6763	6175	6635	6567	3212	3015	8589	4325	6810	4996	7884	6428	5232	6016	749	729	2584	2403
10:10:28	29.1	8143	5939	6211	5503	8679	5837	6875	6095	6395	7216	1917	1866	8068	6217	6226	6726	8190	6567	6512	5847	6024	7110	4651	5121	8845	6671	6218	5987	8027	6174	6228	5923	5346	6840	2256	2100	8254	6471	6110	5636	8997	6099	6648	6120	6397	7281	2120	2040	9169	6359	6967	5526	8326	5291	6180	5927	6282	6827	2719	2684	7693	7590	6651	6759	8387	6273	6377	5994	6071	6929	2081	2034	6917	6175	5686	5997	8278	3301	6849	6194	6488	6737	3209	3217	8353	4269	6859	4919	7887	6199	5194	5869	781	745	2808	2620
10:26:08	29.1	8498	6229	6437	5880	8844	6295	6408	5841	6023	7526	2069	1978	8342	6258	6467	6370	8490	6242	6756	5818	6019	7199	5163	5511	9281	7145	6292	6142	8085	6266	6339	6061	5741	6605	2403	2354	8597	6490	6235	5683	8390	6581	6686	6288	6701	6873	2320	2289	8954	6268	6335	6146	9019	5765	6290	6188	6244	6808	2885	2982	8345	8313	6451	6111	8503	6119	6374	6026	6120	6807	2328	2225	7571	6504	6252	6056	8393	3771	6257	6584	6050	7083	3706	3521	8548	4897	6717	5434	8491	6253	5590	5992	770	758	3042	2822
10:41:48	29.1	8349	6272	6521	6101	9020	6501	6297	5815	5822	7467	2137	2131	8307	6297	6575	6112	8437	6010	6734	5848	6137	6575	5447	5628	8387	7203	6132	6200	8246	6355	6292	6116	5966	6524	2591	2525	8563	6550	6210	5668	8304	6613	6117	6284	6481	6796	2513	2461	9002	6305	6297	6236	9061	5980	6362	6495	5750	6723	3120	3156	8590	8534	6438	6085	8585	6127	6390	6102	6118	6840	2537	2454	7824	6741	6213	6193	8482	3973	5993	6587	5777	7227	3926	3860	8688	5070	6096	5543	8508	6147	5740	6028	737	768	3283	3140
10:57:28	29.1	8316	6057	6349	6351	8880	6556	6195	5710	5826	6779	2292	2254	8215	6118	6409	6082	8425	5938	6687	5764	5940	6557	5655	5716	8110	6736	6069	6174	8120	6401	6129	5998	6092	6457	2695	2720	8610	6622	6222	5678	8188	5976	5962	6307	5937	6698	2656	2596	9016	6253	6228	6414	8146	6153	6292	6525	5628	6694	3324	3385	8840	8778	6425	6008	8441	6081	6529	6009	6118	6698	2687	2574	8102	6652	6384	6110	8341	4237	5992	5853	5710	7274	4173	4012	8548	5310	6083	5821	8134	6256	5818	6011	733	807	3580	3367
11:13:07	29.1	8097	6113	6434	6421	8852	5992	6251	5703	5925	6752	2487	2454	8133	6177	6424	6150	8315	5910	6682	5828	5994	6568	5852	5859	8005	6425	6086	6061	8086	6311	6181	6005	6218	6458	2952	3006	8591	6439	6131	5567	8234	5918	6069	6171	5928	6784	2926	2882	9000	6173	6224	6620	7929	6300	6279	6120	5600	6590	3639	3652	8900	8756	6264	5966	8454	6107	6434	6023	6095	6725	2852	2776	8330	6194	6519	6093	8345	4488	6028	5694	5776	7457	4371	4266	8575	5482	6048	5982	7577	6252	5939	5951	720	735	3851	3555
11:28:46	29.1	8223	6111	6504	6338	8754	5841	6208	5665	5806	6795	2662	2619	8130	6120	6398	6129	8337	5821	6576	5720	6011	6532	6029	5453	7998	6503	6106	6121	8145	6330	6013	5930	6166	6389	3166	3209	8537	6405	6038	5591	8238	5862	6045	6086	5839	6652	2980	3120	8827	6135	6148	6775	7967	6558	6259	5752	5633	6632	3861	3822	7972	7946	6295	5987	8556	6089	6437	6011	6045	6765	3105	3077	8177	5893	6446	6001	8325	4734	6007	5723	5722	6903	4594	4417	8527	5651	6097	6190	7469	6167	6066	5971	775	763	4112	3798
11:44:25	29.1	8165	6132	6358	5805	8649	5785	6210	5572	5828	6820	2891	2935	8037	6099	6295	6094	8502	5871	6647	5838	5946	6401	5677	5288	8028	6337	6067	6008	7998	6370	6020	5924	5673	6333	3435	3510	8499	6557	6120	5493	8264	5889	5961	6151	5902	6681	3283	3379	8850	6186	6208	6688	7952	6223	6211	5700	5620	6585	4164	4166	7910	7751	6393	6113	8320	6071	6497	5992	5965	6721	3387	3308	7459	5922	5917	5977	8361	5042	6040	5716	5656	6648	4775	4650	8388	5836	5975	6293	7456	6092	5672	6016	733	750	4371	4097
12:00:05	29.1	8059	6025	6383	5773	8762	5776	6186	5638	5841	6774	3028	3092	8152	6122	6380	6142	8438	5861	6695	5780	5963	6551	5475	5250	7929	6453	6029	5995	8017	6326	6069	5798	5532	6379	3725	3747	8491	6412	6123	5521	8255	5828	6065	6133	5976	6624	3569	3603	8855	6150	6234	6106	7901	5806	6236	5759	5521	6501	4436	4432	7769	7840	6194	6050	8455	6104	6419	5987	5991	6606	3598	3519	7369	5954	5800	6039	8325	5185	6018	5829	5667	6705	5039	4804	8453	5931	6012	6303	7414	5973	5489	5965	765	762	4556	4350
12:15:44	29.1	8003	5947	6362	5641	8572	5772	6185	5612	5853	6808	3250	3400	8147	5952	6441	6154	8358	5900	6618	5792	5920	6400	5307	5187	7898	6378	5948	6015	8049	6303	5873	5826	5565	6298	3875	3949	8609	6395	6057	5571	8187	5743	5993	6063	5937	6599	3821	3939	8763	6028	6151	5971	7800	5730	6255	5776	5495	6586	4597	4633	7875	7794	6236	6053	8376	6080	6511	5940	5985	6598	3906	3859	7299	5809	5803	5976	8286	5396	6031	5626	5662	6697	5183	4970	8517	6131	6015	5730	7347	5920	5343	5985	757	749	4784	4543
12:31:23	29	8105	6013	6435	5752	8553	5725	6162	5517	5713	6764	3508	3591	8051	6062	6320	6065	8420	5805	6543	5706	5990	6403	5298	5239	7899	6332	6003	6102	8045	6290	5909	5731	5468	6183	4249	4254	8498	6469	6146	5477	8154	5836	5967	6007	5788	6573	4187	4116	8812	6048	6108	6028	7864	5691	6272	5652	5499	6415	4816	4585	7881	7724	6215	5947	8355	6071	6444	5924	5818	6568	4063	4081	7220	5779	5791	5990	8355	5585	5916	5644	5639	6759	5241	5135	8413	6074	5975	5640	7293	6075	5274	5776	757	754	4994	4793
12:47:03	29	7957	6033	6272	5765	8551	5671	6217	5517	5704	6746	3754	3911	8108	6101	6180	6021	8282	5842	6538	5751	5881	6388	5268	5164	7968	6227	5993	6009	7946	6250	5810	5794	5387	6256	4448	4462	8493	6354	6008	5483	8217	5777	6035	5969	5837	6511	4365	4386	8805	6123	6120	6027	7825	5657	6344	5665	5544	6470	4886	4803	7527	7647	6239	5986	8457	5965	6523	6006	5841	6543	4354	4211	7052	5791	5713	5986	8234	5815	5859	5642	5564	6777	5317	5205	8380	5614	5903	5654	7187	5903	5189	5780	754	761	5229	4896
13:02:42	29.1	8029	5964	6364	5674	8588	5650	6193	5547	5807	6707	4143	4193	8085	6080	6260	6059	8271	5823	6661	5738	5853	6440	5280	5191	7926	6238	5917	5987	8039	6256	5890	5769	5409	6114	4784	4565	8496	6357	5992	5473	8104	5682	6035	5980	5822	6523	4657	4587	8627	6094	6144	5944	7762	5739	6225	5586	5512	6444	5013	4869	7738	7618	6169	5952	8377	6139	6589	5977	5772	6461	4637	4443	7152	5801	5701	5915	8285	5856	5836	5659	5592	6793	5507	5348	8390	5472	5990	5572	7184	5894	5336	5859	749	740	5381	4990
13:18:22	29.1	8152	5983	6314	5622	8428	5475	6043	5554	5742	6637	4290	4428	8000	6139	6262	6003	8338	5742	6435	5721	5967	6381	5260	5144	7906	6230	5818	5959	7950	6068	5819	5643	5392	6181	4894	4770	8413	6348	5926	5430	8100	5749	5978	5764	5806	6400	4811	4774	8747	6065	6087	5976	7722	5622	6180	5633	5443	6435	5235	4907	7631	7548	6149	5923	8234	5962	6551	5885	5753	6397	4842	4588	7043	5744	5720	5898	8358	5987	5951	5512	5491	6689	5361	5332	8331	5426	5838	5628	7259	5821	5177	5740	746	772	5495	5101
13:34:01	29.1	8016	5974	6194	5625	8515	5612	6127	5587	5677	6693	4559	4632	7962	6005	6235	6078	8330	5700	6502	5677	5869	6313	5258	5197	7906	6222	5846	5978	8099	6073	5863	5689	5424	6130	5139	4983	8481	6296	6021	5403	8198	5693	5999	5845	5864	6434	4964	4881	8773	5925	6130	5975	7777	5619	6183	5674	5383	6325	5321	5097	7609	7537	6199	5855	8214	5945	6531	5867	5789	6503	4946	4778	6897	5738	5669	5906	8109	5519	5916	5668	5492	6709	5052	4849	8441	5461	5898	5550	7182	5861	5160	5696	727	755	5632	5236
13:49:41	29.1	8028	5909	6416	5667	8377	5495	6086	5559	5694	6667	4729	4767	8045	6077	6144	6017	8374	5727	6470	5703	5899	6251	5228	5221	7851	6263	5875	5934	7967	6023	5849	5633	5349	6085	5344	5102	8429	6306	5959	5440	8186	5720	5993	5785	5805	6388	5177	5037	8654	5995	6044	6024	7732	5665	6174	5694	5385	6407	5348	5131	7651	7436	6116	5852	8270	5943	6573	5833	5775	6420	5167	4873	6852	5784	5678	5708	8146	5272	5785	5527	5447	6777	4900	4836	8478	5399	5852	5438	7132	5800	5093	5646	743	754	5557	4950
14:05:20	29.1	7722	5693	6039	5466	8209	5363	5970	5417	5455	6622	4731	4798	7784	5838	5985	5913	7972	5672	6209	5586	5693	6294	5171	5210	7640	6059	5723	5923	7782	5919	5696	5722	5395	6180	5305	5182	8139	6175	5793	5181	7938	5577	5972	5707	5833	6495	5099	5172	8576	5824	6003	5853	7611	5573	6074	5568	5415	6261	5501	5190	7527	7418	6022	5764	8003	5793	6518	5670	5618	6377	5221	4996	6779	5629	5659	5739	7877	5231	5854	5598	5452	6706	4838	4703	8318	5182	5768	5439	7034	5680	5019	5611	762	763	5131	4688
14:21:00	29.1	7946	5895	6276	5555	8274	5517	6133	5515	5692	6560	5154	5010	8041	5952	6080	5999	8232	5795	6351	5678	5762	6299	5242	5264	7851	6201	5706	5901	7946	5956	5811	5679	5415	6070	5532	5294	8179	6289	5825	5433	8162	5611	5927	5664	5796	6340	5445	5356	8545	5792	5942	6001	7613	5662	6027	5522	5390	6213	5617	5171	7581	7401	6041	5760	8045	5802	6554	5731	5607	6304	5443	5121	6710	5653	5686	5676	7937	5184	5830	5632	5485	6592	4754	4661	8427	5283	5774	5409	7052	5740	5001	5638	739	754	5074	4663
14:36:40	29.1	8022	5934	6109	5690	8222	5532	6049	5437	5691	6670	5292	5225	7987	6039	6045	5904	8259	5773	6311	5601	5751	6293	5262	5160	7932	6232	5674	5848	7758	5971	5709	5725	5378	6050	5685	5264	8156	6316	5783	5384	8124	5728	5884	5637	5827	6347	5592	5390	8631	5838	6008	6026	7675	5649	5904	5584	5386	6214	5402	5161	7595	7501	6027	5802	7983	5835	6593	5698	5589	6286	5588	5157	6696	5633	5753	5640	7968	5153	5781	5561	5507	6603	4707	4612	8420	5282	5670	5505	7026	5805	5052	5526	770	740	4942	4615
14:52:19	29.1	8128	6020	6130	5550	8250	5496	6064	5515	5677	6588	5445	5298	7944	5979	6171	5990	8272	5698	6286	5604	5904	6219	5304	5300	7888	6281	5629	5828	7801	5929	5834	5647	5362	6020	5421	4966	8173	6389	5777	5397	8091	5651	5882	5676	5793	6358	5548	5177	8666	5850	5991	5990	7636	5669	6001	5545	5344	6339	5087	4830	7627	7443	5926	5709	8067	5753	6572	5675	5679	6310	5594	5156	6877	5540	5646	5716	7889	5160	5732	5506	5424	6545	4696	4630	8523	5236	5706	5531	7083	5796	5017	5593	777	761	4947	4560
15:07:59	29.1	7846	5853	6082	5524	8224	5513	5946	5458	5620	6482	5483	5313	7957	5931	5873	5917	8056	5715	6197	5519	5749	6266	5290	5228	7933	6204	5568	5764	7757	5860	5733	5569	5300	6031	5095	4721	8045	6344	5725	5256	8085	5606	5930	5743	5702	6332	5072	4840	8509	5684	5864	6038	7685	5676	5920	5618	5302	6275	4939	4682	7620	7443	5867	5662	7922	5636	6570	5623	5600	6239	5126	4796	6720	5609	5649	5489	7781	5083	5649	5523	5341	6527	4628	4488	8469	5225	5591	5443	7163	5798	5120	5489	771	763	4888	4579
15:23:39	29	8126	5841	6063	5532	8215	5467	5894	5415	5680	6543	5548	5017	7907	5852	5915	5889	8036	5750	6180	5596	5684	6258	5277	5243	7928	6185	5606	5773	7681	5801	5756	5690	5299	6015	5053	4731	7995	6290	5665	5195	8066	5668	5770	5704	5687	6310	5105	4830	8470	5717	5908	5991	7626	5692	5814	5577	5410	6269	4825	4565	7550	7442	5839	5587	7857	5634	6582	5563	5559	6331	5014	4597	6756	5612	5581	5565	7707	5163	5635	5458	5369	6510	4682	4514	8496	5321	5560	5375	7027	5759	5038	5432	737	772	4838	4488
15:39:19	29	7996	5791	5988	5572	8131	5555	5893	5414	5569	6554	5048	4758	7860	5833	5975	5833	7953	5731	6217	5480	5565	6224	5255	5236	7956	6248	5686	5626	7688	5790	5691	5704	5335	5954	4911	4635	7958	6277	5665	5215	7957	5638	5730	5692	5694	6355	5031	4716	8489	5679	5820	5922	7662	5663	5833	5509	5431	6292	4703	4464	7597	7442	5797	5574	7776	5651	6655	5422	5431	6425	4928	4513	6740	5593	5568	5601	7753	5143	5539	5469	5394	6510	4519	4502	8487	5245	5484	5410	7129	5758	5119	5376	759	742	4861	4525
15:54:59	29	7944	5873	5991	5633	8210	5489	5915	5457	5566	6469	4994	4715	7909	5774	5835	5901	7955	5704	6212	5463	5672	6244	5273	5232	7863	6263	5522	5679	7670	5844	5767	5633	5336	6013	4986	4622	7893	6309	5587	5261	7949	5524	5775	5571	5553	6268	4853	4645	8419	5657	5780	5820	7598	5617	5694	5556	5327	6224	4569	4395	7591	7339	5755	5532	7821	5587	6627	5465	5500	6303	4944	4492	6617	5619	5468	5509	7649	5095	5493	5317	5232	6542	4537	4458	8543	5292	5418	5327	7049	5758	5037	5395	749	755	4816	4513
16:10:38	29	7922	5742	5903	5577	8243	5422	5833	5360	5553	6485	5005	4761	7645	5819	5833	5779	8059	5696	6111	5443	5591	6163	5232	5262	7873	6285	5589	5591	7518	5770	5751	5621	5278	5956	4877	4611	7830	6274	5613	5176	7846	5554	5671	5604	5503	6196	4854	4599	8424	5624	5758	5949	7664	5616	5777	5548	5322	6255	4501	4347	7489	7429	5660	5544	7696	5561	6579	5512	5499	6214	4883	4524	6728	5670	5545	5429	7645	5030	5483	5399	5286	6288	4420	4491	8554	5193	5418	5444	7050	5792	5034	5344	720	731	4801	4563
16:26:17	29	8010	5763	5988	5476	8182	5524	5814	5326	5513	6358	4915	4637	7788	5733	5819	5773	7960	5638	6044	5255	5510	6123	5180	5163	7851	6141	5504	5615	7517	5793	5671	5577	5245	5944	4793	4590	7802	6262	5515	5057	7723	5563	5618	5674	5537	6279	4857	4556	8171	5513	5685	5726	7671	5611	5747	5446	5226	6203	4329	4160	7493	7394	5604	5445	7654	5539	6610	5434	5455	6280	4817	4520	6742	5639	5332	5343	7545	5091	5402	5312	5128	6426	4521	4446	8562	5214	5423	5301	6967	5672	5116	6081	752	775	4840	4542
16:41:57	29	7898	5693	5957	5463	8201	5444	5752	5308	5627	6488	4897	4720	7730	5661	5808	5720	7864	5520	6026	5418	5488	6146	5211	5219	7742	6137	5455	5581	7494	5782	5747	5602	5276	5872	4866	4605	7784	6299	5533	5064	7670	5486	5589	5664	5512	6254	4788	4552	8299	5572	5657	5832	7726	5535	5653	5363	5259	6214	4348	4153	7514	7386	5681	5402	7690	5457	6560	5383	5565	6327	4802	4496	6640	5578	5425	5476	7548	5049	5474	5275	5214	6291	4506	4417	8500	5288	5362	5396	6976	5633	5146	6217	734	739	4819	4485
16:57:37	29	7808	5648	5877	5529	8144	5530	5787	5304	5381	6402	4820	4662	7764	5566	5740	5737	7904	5512	6006	5304	5428	6110	5139	5348	7754	6138	5536	5528	7473	5775	5773	5582	5313	5983	4792	4519	7724	6264	5526	5117	7768	5503	5502	5577	5433	6193	4702	4542	8163	5487	5556	5767	7584	5476	5677	5354	5257	6218	4145	3976	7486	7392	5552	5407	7700	5507	6660	5349	5473	6267	4739	4440	6682	5572	5367	5335	7519	5022	5372	5298	5043	6353	4455	4471	8545	5300	6143	5499	7058	5622	5129	6262	749	758	4754	4561
17:13:16	29	7810	5638	5827	5507	8118	5413	5749	5280	5418	6448	4857	4624	7686	5607	5690	5710	7739	5545	6001	5297	5486	6117	5132	5239	7721	6257	5575	5488	7488	5764	5784	5648	5235	6104	4774	4524	7781	6238	5577	5053	7712	5373	5614	5552	5341	6260	4714	4564	8108	5519	5578	5761	7706	5496	5676	5337	5106	6277	4135	3992	7398	7324	5623	5326	7613	5438	6641	5381	5401	6274	4776	4477	6672	5561	5265	5416	7509	5035	5348	5197	5144	6231	4567	4395	8619	5275	6106	5311	6963	5708	5130	6287	779	740	4757	4543
17:28:56	29	7742	5652	5917	5475	8162	5506	5687	5224	5443	6487	4783	4637	7681	5606	5781	5595	7737	5501	5943	5298	5434	6098	5092	5256	7717	6217	5557	5450	7427	5664	5673	5527	5366	5936	4750	4526	7688	6344	5467	4994	7577	5431	5485	5636	5321	6230	4610	4407	8026	5491	5559	5691	7531	5458	5609	5316	5222	6234	4070	3892	7419	7260	5539	5387	7580	5460	6715	5381	5500	6180	4725	4420	6729	5563	5387	5415	7465	5024	5347	5186	5057	6391	4503	4399	8611	5188	6188	5269	7009	6344	5113	6303	729	740	4790	4519
17:44:36	29	7857	5543	5767	5506	8082	5415	5646	5141	5414	6512	4679	4715	7550	5573	5772	5532	7659	5364	5848	5323	5349	6241	5053	5136	7642	6152	5537	5470	7430	5713	5732	5579	5222	5909	4774	4557	7627	6236	5451	5059	7534	5363	5504	5580	5359	6268	4553	4439	8050	5415	5611	5524	7521	5377	5605	5303	5152	6257	3987	3861	7316	7186	5528	5291	7611	5494	6630	5314	5486	6250	4594	4418	6656	5612	5242	5362	7467	5062	5357	5136	5032	6255	4440	4474	8691	5288	6325	5252	6866	6727	5248	6282	755	739	4748	4541
18:00:16	29	7692	5562	5774	5387	8235	5522	5716	5148	5411	6520	4878	4670	7620	5527	5791	5598	7615	5352	6020	5231	5337	6196	5023	5180	7570	6192	5487	5491	7290	5679	5840	5639	5266	6026	4741	4610	7746	6310	5522	5005	7455	5322	5455	5527	5395	6231	4599	4477	7998	5294	5525	5492	7529	5418	5587	5121	5073	6090	3949	3815	7207	7286	5554	5267	7526	5469	6533	5310	5417	6204	4760	4379	6680	5543	5183	5365	7344	5046	5283	5090	5057	6248	4487	4388	8623	5234	6194	5261	6857	6715	5232	6345	746	726	4796	4525
18:15:56	29	7710	5490	5809	5427	8098	5431	5590	5116	5304	6363	4855	4671	7477	5456	5697	5576	7667	5420	5943	5254	5356	6122	5077	5189	7465	6160	5500	5421	7486	5671	5769	5545	5300	6045	4747	4498	7756	6359	5412	5008	7364	5183	5483	5607	5349	6196	4557	4497	7929	5410	5475	5508	7547	5321	5575	5085	5024	6223	3939	3768	7192	7221	5491	5321	7627	5338	6487	5394	5444	6209	4743	4411	6689	5518	5199	5332	7416	4995	5252	5060	5056	6207	4530	4393	8684	5272	6246	5369	6833	6855	5158	6436	775	738	4809	4549
18:31:36	29	7694	5597	5747	5326	8079	5493	5666	5163	5419	6484	4783	4667	7543	5466	5707	5481	7746	5386	5956	5212	5382	6036	4978	5074	7519	6274	5421	5467	7337	5713	5759	5513	5265	5945	4756	4561	7613	6303	5383	4980	7414	5246	5367	5619	5240	6165	4643	4470	7961	5391	5526	5519	7526	5252	5609	5106	5009	6151	3834	3690	7061	7104	5449	5307	7538	5340	6563	5306	5419	6247	4677	4409	6687	5587	5107	5341	7375	4992	5203	5050	5110	6103	4485	4422	8682	5198	6207	5301	6835	6871	5157	6397	736	765	4874	4501
18:47:15	29	7558	5454	5814	5376	8218	5427	5607	5189	5368	6359	4774	4725	7641	5419	5697	5576	7621	5368	5891	5229	5316	6085	4993	5066	7463	6227	5466	5489	7388	5792	5767	5558	5217	5963	4770	4530	7701	6293	5360	5017	7412	5178	5487	5544	5300	6182	4605	4408	7980	5391	5570	5498	7368	5303	5677	5082	4992	6208	3814	3732	7060	7036	5461	5200	7550	5308	6532	5355	5318	6289	4811	4418	6596	5548	5117	5253	7353	4948	5223	5031	5050	6231	4468	4444	8650	5228	6335	5280	6740	6862	5196	6465	750	763	4814	4482
19:02:55	29	7577	5488	5672	5232	8177	5497	5610	5197	5257	6473	4800	4709	7497	5447	5690	5465	7643	5283	5840	5145	5279	5981	4955	5055	7377	6171	5530	5399	7421	5562	5783	5484	5163	5965	4821	4535	7588	6333	5402	4958	7373	5156	5461	5483	5300	6182	4568	4387	7959	5375	5463	5409	7392	5293	5551	5085	4945	6150	3813	3655	7056	7044	5466	5277	7536	5344	6532	5261	5444	6264	4684	4406	6698	5613	5136	5301	7390	5043	5261	5001	4946	6101	4544	4384	8662	5225	6258	5267	6689	6846	5158	6493	768	732	4749	4509
19:18:35	29	7535	5549	5677	5285	8228	5534	5581	5237	5307	6365	4711	4621	7592	5429	5734	5372	7626	5215	5833	5177	5358	6250	5001	5025	7354	6198	5593	5377	7383	5703	5764	5621	5185	5982	4775	4484	7576	6330	5375	5082	7276	5144	5384	5558	5168	6218	4663	4426	7834	5382	5426	5375	7276	5150	5595	5016	4960	6252	3817	3647	6958	6926	5439	5168	7451	5348	6491	5284	5437	6243	4659	4441	6619	5432	5081	5323	7331	4925	5286	4995	5022	6123	4474	4396	8712	5184	6322	5213	6800	6885	5215	6479	741	748	4768	4545
19:34:15	29.1	7793	5465	5670	5210	8260	5565	5671	5162	5240	6413	4859	4680	7497	5397	5767	5422	7565	5285	5851	5249	5396	6085	4905	5025	7269	6137	5582	5406	7395	5679	5753	5636	5093	5908	4837	4581	7623	6314	5380	4986	7338	5173	5384	5556	5255	6201	4573	4379	7772	5273	5506	5420	7216	5123	5601	5042	5008	6131	3809	3638	6990	6983	5332	5305	7548	5322	6502	5312	5409	6233	4730	4326	6584	5566	5133	5298	7377	4913	5232	4943	4960	6177	4445	4444	8754	5279	6372	5134	7241	6972	5235	6510	734	746	4704	4525
19:49:55	29	7658	5495	5721	5272	8273	5508	5555	5132	5316	6348	4761	4681	7438	5516	5671	5457	7685	5304	5901	5208	5363	6171	4990	5026	7166	6199	5500	5410	7454	5713	5773	5562	5103	5872	4801	4615	7648	6348	5487	4940	7256	5056	5313	5506	5261	6233	4586	4398	7942	5342	5450	5418	7247	5050	5488	4944	4898	6176	3760	3644	6930	6880	5406	5262	7572	5375	6374	5297	5492	6265	4649	4402	6557	5499	5053	5204	7417	4880	5228	4978	4936	6154	4529	4346	8652	5196	6315	5191	7426	6989	5242	6570	751	736	4658	4515
20:05:35	29.1	7629	5430	5726	5249	8223	5545	5609	5237	5206	6369	4753	4608	7485	5383	5640	5429	7606	5231	5830	5204	5281	6125	4940	4970	7195	6108	5441	5394	7333	5732	5748	5640	5027	5913	4777	4540	7625	6333	5473	5006	7300	5058	5296	5566	5279	6105	4562	4465	7868	5309	5377	5317	7186	5122	5567	4981	5008	6111	3684	3577	6958	6785	5419	5168	7444	5324	6600	5262	5464	6274	4687	4457	6440	5542	5012	5298	7395	4881	5284	5064	5033	6137	4452	4384	8789	5227	6358	5075	7485	7017	5214	6509	775	754	4632	4490
20:21:15	29.1	7539	5462	5672	5148	8116	5508	5563	5202	5213	6342	4792	4696	7461	5463	5691	5426	7631	5226	5817	5148	5268	6082	4826	4930	7200	6197	5594	5277	7410	5670	5868	5584	5028	5902	4727	4579	7664	6242	5395	4981	7350	5117	5331	5523	5212	6238	4632	4477	7754	5379	5441	5277	7171	5112	5544	4966	4887	6161	3642	3606	7008	6741	5365	5233	7529	5324	6463	5225	5447	6224	4655	4398	6407	5514	4986	5261	7350	4906	5357	5011	4911	6161	4536	4426	8680	5157	6322	5028	7465	6989	5260	6552	739	766	4615	4368
20:36:55	29.1	7492	5407	5687	5156	8171	5597	5550	5179	5269	6335	4709	4665	7386	5399	5662	5304	7684	5220	5917	5126	5329	6059	4815	4912	7226	6196	5482	5401	7395	5756	5808	5482	5041	5919	4760	4565	7632	6233	5351	4905	7280	5005	5346	5485	5145	6227	4543	4501	7779	5311	5473	5294	7068	5058	5526	4954	4938	6126	3697	3525	7143	6772	5330	5183	7463	5311	6497	5190	5429	6317	4681	4418	6483	5554	4904	5232	7331	4878	5280	4923	4936	5967	4483	4434	8757	5211	6372	4997	7515	6911	5215	6576	725	734	4557	4489
20:52:35	29.1	7496	5418	5696	5141	8176	5525	5568	5182	5215	6314	4828	4701	7426	5362	5674	5259	7503	5194	5764	5175	5357	6072	4859	4977	7121	6158	5477	5327	7473	5650	5849	5557	4920	5927	4696	4590	7564	6254	5354	4902	7247	5045	5413	5567	5237	6146	4583	4465	7801	5314	5444	5215	7017	5013	5622	4960	4868	6046	3668	3557	7146	6689	5431	5129	7561	5328	6505	5170	5464	6229	4694	4451	6326	5519	4950	5290	7323	4786	5272	4867	4920	6162	4414	4415	8634	5246	6391	4961	7671	6937	5317	6597	732	753	4463	4373
21:08:15	29	7671	5456	5783	5215	8361	5512	5590	5163	5262	6379	4620	4777	7442	5409	5675	5383	7490	5268	5832	5155	5318	6094	4782	4918	7137	6206	5497	5411	7512	5720	5811	5646	4962	5870	4775	4572	7591	6315	5334	4908	7248	5074	5401	5560	5227	6251	4593	4440	7859	5275	5428	5209	7029	5028	5581	4986	4908	6073	3677	3582	7274	6777	5445	5199	7624	5395	6535	5229	5446	6219	4643	4462	6315	5447	4996	5278	7437	4808	5206	4966	4995	6150	4379	4317	8811	5207	6326	4903	7552	6985	5211	6630	725	743	4437	4381
21:23:56	29.1	7656	5333	5600	5022	8174	5520	5616	5118	5170	6383	4728	4659	7508	5421	5617	5295	7648	5262	5802	5137	5357	6000	4859	4942	7190	6208	5514	5317	7377	5737	5910	5528	4988	5911	4711	4561	7489	6299	5364	4906	7255	5011	5369	5627	5214	6193	4536	4455	7811	5271	5464	5263	6957	4995	5576	5011	4929	6143	3611	3560	7192	6612	5340	5166	7515	5259	6414	5202	5473	6260	4630	4357	6342	5474	4970	5209	7338	4676	5243	4931	4914	6131	4332	4286	8752	5255	6441	4836	7677	7061	5223	6588	751	746	4437	4330
21:39:36	29	7613	5441	5648	5121	8227	5539	5550	5103	5233	6351	4904	4691	7450	5494	5643	5411	7480	5294	5852	5214	5336	6099	4828	4898	7086	6218	5536	5395	7463	5738	5846	5593	4978	5897	4600	4562	7559	6359	5352	5000	7283	5137	5387	5577	5178	6198	4578	4435	7771	5350	5427	5192	7027	4988	5575	4947	4835	6293	3596	3552	7334	6651	5284	5187	7486	5434	6478	5339	5441	6288	4607	4425	6268	5508	4889	5161	7359	4784	5258	4961	4919	6097	4340	4316	8724	5164	6441	4904	7688	6990	5297	6642	736	741	4415	4318
21:55:16	29.1	7602	5447	5656	5012	8121	5469	5497	5132	5154	6342	4776	4749	7426	5272	5573	5335	7589	5271	5733	5162	5265	6104	4799	4861	7066	6145	5507	5349	7337	5759	5858	5557	4906	5779	4701	4519	7555	6224	5354	4895	7247	4974	5412	5519	5181	6149	4534	4513	7781	5318	5373	5194	7001	4979	5515	5002	4796	6126	3627	3521	7330	6560	5376	5086	7519	5322	6578	5196	5429	6297	4595	4433	6262	5489	4998	5145	7460	4686	5284	5012	4905	6099	4347	4270	8728	5238	6453	4726	7818	7072	5198	6739	767	769	4433	4297
22:10:56	29.1	7573	5277	5598	5045	8304	5621	5536	5102	5181	6342	4687	4727	7380	5381	5562	5271	7573	5198	5809	5235	5267	6088	4761	4874	6986	6200	5485	5311	7409	5605	5944	5583	4929	5865	4575	4486	7577	6317	5322	4954	7130	4979	5344	5516	5174	6153	4618	4408	7711	5317	5444	5135	6943	4984	5597	4933	4876	6051	3581	3566	7300	6476	5397	5109	7524	5265	6489	5168	5463	6313	4611	4425	6297	5531	4895	5206	7369	4643	5261	4921	5069	6166	4311	4274	8795	5248	6356	4817	7782	7094	5215	6703	757	753	4384	4218
22:26:36	29.1	7632	5389	5600	5038	8296	5567	5618	5124	5252	6318	4753	4719	7464	5380	5588	5338	7562	5136	5800	5149	5301	6065	4760	4866	7078	6287	5463	5348	7385	5565	5827	5664	4913	5838	4646	4451	7537	6293	5313	4958	7198	4999	5371	5530	5167	6219	4539	4477	7725	5260	5427	5157	6930	4971	5542	5002	4834	6054	3548	3512	7306	6490	5358	5137	7448	5358	6479	5225	5448	6305	4665	4430	6238	5547	4892	5243	7332	4686	5214	4859	4954	6142	4243	4312	8725	5244	6434	4786	7814	7003	5213	6628	744	736	4350	4203
22:42:17	29.1	7581	5338	5639	5013	8268	5549	5604	5067	5229	6256	4841	4669	7360	5322	5624	5331	7543	5139	5827	5184	5301	6107	4826	4880	7101	6247	5575	5300	7338	5625	5873	5662	4813	5932	4597	4438	7528	6278	5414	4958	7244	5055	5268	5567	5185	6171	4646	4523	7795	5254	5394	5130	6890	4986	5576	4914	4872	6182	3639	3454	7370	6483	5390	5165	7490	5262	6516	5281	5460	6216	4629	4432	6227	5598	4913	5187	7311	4599	5242	4893	4949	6050	4197	4236	8685	5127	6500	4655	7958	7059	5317	6591	738	775	4337	4176
22:57:58	29.1	7527	5377	5588	5014	8285	5616	5502	5112	5201	6330	4664	4699	7357	5391	5612	5254	7548	5164	5743	5183	5242	6098	4817	4857	6964	6243	5521	5322	7448	5646	5936	5674	4853	5759	4619	4496	7521	6203	5366	4901	7260	5051	5379	5517	5151	6110	4571	4457	7817	5199	5366	5148	6862	4934	5621	4902	4813	6206	3545	3462	7350	6590	5268	5065	7492	5244	6524	5191	5541	6244	4579	4359	6140	5527	4940	5222	7385	4659	5268	5009	4929	6102	4224	4214	8687	5265	6433	4632	7898	7137	5211	6701	744	748	4270	4195
23:13:40	29.1	7592	5468	5553	4999	8196	5531	5522	5169	5178	6364	4792	4657	7414	5406	5599	5257	7614	5230	5799	5215	5326	6088	4807	4848	7114	6203	5516	5355	7412	5649	5965	5661	4863	5881	4667	4575	7571	6318	5378	4833	7262	5088	5222	5536	5196	6229	4504	4473	7903	5204	5367	5167	6830	4908	5653	4971	4996	6177	3510	3485	7346	6472	5329	5068	7531	5325	6458	5240	5483	6365	4578	4406	6129	5430	4843	5206	7340	4598	5257	4918	4935	6044	4192	4212	8699	5182	6376	4627	7992	7088	5221	6707	745	763	4225	4153
23:29:22	29.1	7627	5333	5490	4948	8192	5558	5598	5111	5140	6273	4726	4667	7422	5406	5630	5187	7610	5198	5797	5095	5208	6080	4749	4874	7012	6183	5468	5262	7437	5599	6002	5673	4856	5794	4504	4499	7533	6240	5365	4964	7227	5013	5383	5543	5225	6192	4578	4434	7791	5261	5361	5099	6914	4986	5626	4933	4904	6118	3522	3361	7284	6500	5333	5121	7513	5268	6491	5190	5516	6311	4630	4258	6134	5571	4915	5147	7408	4500	5208	4953	4932	6084	4169	4141	8651	5130	6433	4593	8060	7162	5235	6712	745	723	4277	4068
23:45:04	29.1	7537	5332	5632	4995	8298	5468	5535	5056	5186	6311	4620	4732	7418	5411	5631	5227	7577	5229	5772	5223	5292	6032	4840	4847	6980	6104	5435	5263	7508	5578	5919	5597	4840	5852	4538	4536	7594	6283	5301	4935	7242	5018	5307	5635	5209	6213	4530	4375	7757	5254	5362	5142	6949	4952	5585	4953	4846	6116	3541	3417	7254	6468	5258	5161	7479	5323	6494	5205	5490	6295	4558	4217	6088	5462	4896	5139	7402	4533	5251	4958	4967	6077	4111	4143	8628	5229	6373	4609	8034	7226	5286	6704	726	733	4221	4080
24:00:46	29.1	7607	5342	5605	4962	8224	5535	5562	5144	5221	6261	4708	4668	7392	5340	5543	5237	7511	5221	5782	5124	5212	5989	4773	4820	7003	6173	5573	5318	7451	5702	6001	5706	4841	5848	4532	4372	7415	6143	5289	4978	7185	4935	5305	5542	5154	6211	4488	4393	7738	5179	5360	5161	6830	4861	5573	4920	4885	6168	3557	3466	7284	6381	5245	5074	7470	5362	6545	5229	5527	6327	4541	4275	6111	5406	4897	5129	7405	4559	5280	4966	4947	6145	4084	4176	8621	5116	6349	4527	8166	7190	5193	6700	748	721	4291	3994
24:16:29	29.1	7563	5314	5570	4989	8298	5555	5618	5115	5275	6288	4712	4655	7306	5290	5540	5198	7556	5210	5760	5167	5223	6019	4746	4853	6882	6131	5522	5278	7417	5668	5986	5692	4766	5838	4561	4361	7461	6250	5304	4885	7186	4971	5263	5531	5164	6176	4488	4421	7668	5159	5341	5110	6975	4980	5592	4871	4857	6095	3492	3455	7277	6562	5346	5147	7505	5379	6463	5232	5560	6229	4579	4287	6014	5441	4832	5156	7384	4566	5241	4851	4996	6108	4032	4067	8666	5224	6313	4549	8256	7131	5269	6770	737	757	4221	4086
24:32:12	29.1	7931	5472	5792	5075	8686	5588	5672	5160	5134	6422	4689	4629	7476	5384	5647	5268	7633	5179	5759	5241	5347	6202	4776	4935	6978	6201	5595	5299	7504	5727	6032	5731	4800	5838	4513	4347	7551	6254	5403	5004	7266	4994	5272	5589	5157	6201	4485	4316	7786	5260	5301	5064	6792	4841	5557	4908	4923	6123	3572	3504	7305	6381	5418	5064	7574	5313	6458	5274	5492	6340	4480	4259	6163	5531	4826	5249	7379	4514	5340	4968	4953	6017	4070	4058	8687	5127	6521	4557	8163	7249	5203	6749	765	740	4145	3998
24:47:54	29.1	7665	5206	5527	4890	8415	5505	5583	5185	5169	6317	4554	4602	7374	5310	5599	5217	7526	5210	5788	5334	5288	6120	4889	4819	7043	6243	5513	5312	7418	5630	6025	5675	4835	5814	4487	4365	7506	6263	5254	5014	7243	4948	5384	5646	5131	6068	4417	4404	7743	5180	5298	5060	6899	4930	5622	4981	4826	6128	3541	3357	7189	6454	5427	5057	7616	5306	6490	5254	5557	6402	4410	4226	6091	5490	4806	5174	7348	4486	5392	4850	4977	5995	4007	4034	8638	5199	6441	4546	8272	7148	5281	6793	735	717	4178	4082
25:03:36	29.1	7489	5296	5602	4875	8345	5560	5509	5165	5136	6251	4516	4612	7320	5333	5661	5256	7538	5148	5850	5186	5307	5960	4794	4750	6996	6162	5567	5239	7580	5657	6089	5746	4823	5817	4444	4265	7537	6265	5272	4975	7234	5017	5272	5563	5138	6211	4369	4308	7852	5275	5320	5175	6847	4948	5593	4894	4930	6194	3522	3361	7213	6479	5297	5152	7610	5294	6551	5164	5518	6337	4498	4215	5990	5429	4910	5160	7471	4425	5293	4858	4969	6084	3934	3993	8592	5213	6483	4557	8167	7219	5300	6713	728	767	4149	3993
