Time	T° 600	A1	A2	A3	A4	A5	A6	A7	A8	A9	A10	A11	A12	B1	B2	B3	B4	B5	B6	B7	B8	B9	B10	B11	B12	C1	C2	C3	C4	C5	C6	C7	C8	C9	C10	C11	C12	D1	D2	D3	D4	D5	D6	D7	D8	D9	D10	D11	D12	E1	E2	E3	E4	E5	E6	E7	E8	E9	E10	E11	E12	F1	F2	F3	F4	F5	F6	F7	F8	F9	F10	F11	F12	G1	G2	G3	G4	G5	G6	G7	G8	G9	G10	G11	G12	H1	H2	H3	H4	H5	H6	H7	H8	H9	H10	H11	H12
0:00:12	29.1	0.156	0.15	0.161	0.122	0.359	0.131	0.153	0.144	0.127	0.147	0.136	0.125	0.166	0.157	0.16	0.144	0.161	0.153	0.186	0.165	0.155	0.152	0.2	0.221	0.142	0.138	0.193	0.151	0.203	0.197	0.211	0.194	0.123	0.162	0.127	0.138	0.191	0.181	0.15	0.167	0.151	0.141	0.153	0.284	0.148	0.153	0.134	0.13	0.155	0.129	0.144	0.135	0.149	0.129	0.158	0.136	0.147	0.21	0.131	0.127	0.126	0.124	0.149	0.142	0.191	0.161	0.19	0.165	0.209	0.188	0.122	0.121	0.131	0.135	0.123	0.148	0.19	0.117	0.15	0.15	0.146	0.141	0.148	0.144	0.168	0.11	0.141	0.12	0.142	0.189	0.126	0.181	0.106	0.107	0.154	0.15
0:15:51	29.1	0.176	0.175	0.177	0.13	0.363	0.145	0.171	0.169	0.164	0.157	0.138	0.134	0.165	0.162	0.184	0.16	0.201	0.169	0.218	0.176	0.173	0.167	0.243	0.217	0.158	0.148	0.187	0.169	0.229	0.204	0.27	0.249	0.141	0.191	0.142	0.15	0.169	0.211	0.158	0.184	0.176	0.158	0.167	0.251	0.166	0.194	0.137	0.141	0.16	0.178	0.163	0.149	0.165	0.143	0.184	0.153	0.169	0.213	0.14	0.141	0.142	0.141	0.167	0.161	0.215	0.18	0.23	0.187	0.231	0.21	0.13	0.133	0.144	0.149	0.137	0.181	0.211	0.121	0.18	0.168	0.175	0.151	0.167	0.162	0.188	0.118	0.149	0.131	0.16	0.229	0.137	0.193	0.107	0.107	0.166	0.173
0:31:29	29.1	0.185	0.183	0.186	0.134	0.362	0.152	0.181	0.179	0.174	0.16	0.142	0.139	0.169	0.172	0.198	0.168	0.212	0.177	0.23	0.189	0.185	0.167	0.256	0.212	0.165	0.156	0.192	0.179	0.238	0.214	0.286	0.264	0.149	0.203	0.152	0.156	0.173	0.211	0.167	0.198	0.184	0.166	0.173	0.255	0.174	0.205	0.14	0.148	0.164	0.19	0.172	0.157	0.175	0.149	0.197	0.162	0.178	0.218	0.148	0.149	0.15	0.15	0.177	0.171	0.224	0.192	0.244	0.199	0.246	0.223	0.134	0.138	0.152	0.158	0.145	0.192	0.223	0.125	0.189	0.177	0.187	0.156	0.179	0.171	0.197	0.123	0.154	0.138	0.169	0.247	0.145	0.2	0.106	0.106	0.178	0.182
0:47:08	29	0.19	0.187	0.191	0.136	0.356	0.155	0.185	0.183	0.179	0.158	0.143	0.141	0.17	0.177	0.203	0.173	0.215	0.181	0.235	0.193	0.189	0.165	0.26	0.206	0.169	0.16	0.194	0.185	0.242	0.218	0.285	0.269	0.153	0.206	0.156	0.158	0.173	0.211	0.172	0.203	0.188	0.172	0.175	0.255	0.177	0.207	0.141	0.15	0.162	0.196	0.179	0.161	0.18	0.152	0.204	0.167	0.183	0.217	0.15	0.15	0.153	0.156	0.181	0.175	0.227	0.198	0.25	0.205	0.248	0.228	0.136	0.14	0.156	0.162	0.149	0.196	0.227	0.127	0.195	0.183	0.194	0.157	0.182	0.172	0.199	0.126	0.155	0.142	0.173	0.252	0.15	0.205	0.106	0.106	0.18	0.184
1:02:47	29.1	0.196	0.191	0.193	0.138	0.358	0.159	0.189	0.186	0.184	0.158	0.144	0.142	0.172	0.181	0.208	0.178	0.219	0.185	0.239	0.198	0.193	0.165	0.257	0.199	0.173	0.165	0.198	0.189	0.244	0.222	0.289	0.273	0.156	0.207	0.158	0.159	0.176	0.211	0.176	0.209	0.193	0.175	0.177	0.259	0.18	0.208	0.142	0.152	0.163	0.2	0.184	0.163	0.185	0.155	0.208	0.17	0.186	0.216	0.152	0.152	0.155	0.159	0.185	0.18	0.231	0.203	0.254	0.209	0.252	0.228	0.138	0.141	0.161	0.166	0.152	0.199	0.231	0.129	0.198	0.187	0.197	0.156	0.183	0.173	0.203	0.129	0.156	0.146	0.178	0.257	0.153	0.207	0.106	0.106	0.182	0.184
1:18:25	29.1	0.2	0.195	0.198	0.139	0.358	0.161	0.193	0.19	0.188	0.16	0.144	0.143	0.175	0.185	0.211	0.181	0.222	0.187	0.24	0.2	0.196	0.164	0.253	0.197	0.175	0.167	0.2	0.193	0.245	0.223	0.288	0.277	0.159	0.21	0.158	0.159	0.178	0.212	0.179	0.214	0.195	0.177	0.178	0.262	0.182	0.211	0.143	0.152	0.166	0.204	0.188	0.165	0.187	0.157	0.212	0.173	0.189	0.217	0.155	0.153	0.158	0.162	0.188	0.184	0.233	0.206	0.255	0.212	0.254	0.23	0.139	0.142	0.164	0.17	0.154	0.201	0.232	0.131	0.201	0.189	0.202	0.156	0.182	0.173	0.206	0.131	0.159	0.149	0.182	0.26	0.157	0.21	0.106	0.106	0.183	0.183
1:34:05	29.1	0.205	0.197	0.2	0.141	0.367	0.164	0.195	0.194	0.191	0.161	0.145	0.144	0.176	0.189	0.215	0.185	0.226	0.19	0.245	0.206	0.2	0.163	0.251	0.196	0.179	0.171	0.205	0.197	0.246	0.226	0.296	0.281	0.163	0.213	0.159	0.159	0.18	0.214	0.184	0.218	0.198	0.181	0.177	0.263	0.184	0.212	0.144	0.152	0.168	0.206	0.192	0.168	0.192	0.159	0.216	0.176	0.192	0.219	0.156	0.155	0.161	0.166	0.192	0.187	0.235	0.209	0.26	0.213	0.257	0.233	0.141	0.143	0.168	0.172	0.158	0.203	0.233	0.133	0.204	0.193	0.204	0.157	0.183	0.173	0.208	0.134	0.159	0.151	0.186	0.263	0.159	0.211	0.106	0.106	0.183	0.184
1:49:44	29.1	0.211	0.202	0.205	0.143	0.369	0.169	0.199	0.198	0.197	0.159	0.145	0.144	0.178	0.194	0.222	0.189	0.228	0.193	0.249	0.209	0.204	0.166	0.25	0.194	0.182	0.174	0.211	0.202	0.251	0.229	0.314	0.283	0.166	0.217	0.16	0.16	0.186	0.217	0.188	0.225	0.202	0.185	0.18	0.265	0.186	0.216	0.145	0.153	0.17	0.21	0.197	0.171	0.195	0.16	0.22	0.178	0.197	0.221	0.159	0.157	0.165	0.17	0.197	0.193	0.237	0.213	0.262	0.217	0.26	0.235	0.141	0.144	0.172	0.175	0.161	0.206	0.237	0.135	0.206	0.195	0.208	0.157	0.184	0.174	0.212	0.137	0.161	0.154	0.19	0.266	0.163	0.215	0.106	0.106	0.185	0.184
2:05:22	29.1	0.219	0.208	0.211	0.145	0.377	0.171	0.203	0.204	0.201	0.16	0.145	0.145	0.183	0.2	0.229	0.194	0.233	0.196	0.256	0.214	0.208	0.166	0.249	0.193	0.186	0.179	0.215	0.206	0.254	0.231	0.317	0.287	0.17	0.219	0.161	0.161	0.191	0.219	0.194	0.231	0.207	0.188	0.182	0.279	0.189	0.218	0.146	0.155	0.175	0.216	0.201	0.174	0.2	0.163	0.225	0.183	0.202	0.226	0.162	0.158	0.168	0.175	0.201	0.198	0.243	0.218	0.264	0.222	0.264	0.239	0.143	0.145	0.176	0.179	0.164	0.209	0.241	0.138	0.209	0.199	0.211	0.159	0.185	0.174	0.217	0.141	0.164	0.157	0.193	0.27	0.167	0.221	0.106	0.106	0.187	0.185
2:21:01	29.1	0.227	0.215	0.218	0.147	0.385	0.175	0.209	0.21	0.207	0.165	0.145	0.146	0.189	0.207	0.237	0.197	0.241	0.201	0.265	0.222	0.214	0.168	0.248	0.194	0.191	0.184	0.219	0.213	0.258	0.236	0.324	0.304	0.173	0.223	0.162	0.161	0.198	0.224	0.199	0.238	0.212	0.193	0.186	0.292	0.191	0.223	0.148	0.156	0.18	0.221	0.207	0.177	0.205	0.165	0.231	0.185	0.207	0.23	0.164	0.161	0.172	0.18	0.205	0.203	0.246	0.224	0.282	0.227	0.27	0.243	0.145	0.147	0.181	0.184	0.168	0.214	0.248	0.141	0.211	0.204	0.217	0.16	0.187	0.177	0.223	0.144	0.167	0.16	0.2	0.282	0.171	0.225	0.106	0.105	0.188	0.185
2:36:39	29.1	0.236	0.223	0.227	0.151	0.401	0.181	0.215	0.218	0.213	0.169	0.146	0.147	0.193	0.215	0.245	0.205	0.247	0.206	0.274	0.23	0.22	0.171	0.248	0.193	0.197	0.19	0.232	0.222	0.274	0.243	0.334	0.316	0.179	0.23	0.164	0.163	0.205	0.228	0.207	0.246	0.219	0.197	0.191	0.302	0.196	0.229	0.15	0.158	0.188	0.229	0.215	0.18	0.209	0.167	0.243	0.192	0.212	0.234	0.167	0.163	0.176	0.185	0.212	0.211	0.254	0.231	0.293	0.233	0.275	0.248	0.147	0.149	0.187	0.189	0.173	0.22	0.255	0.144	0.218	0.21	0.225	0.163	0.189	0.178	0.231	0.148	0.172	0.164	0.204	0.295	0.176	0.229	0.106	0.105	0.189	0.186
2:52:19	29.1	0.253	0.233	0.235	0.154	0.425	0.186	0.224	0.225	0.221	0.173	0.148	0.148	0.201	0.224	0.252	0.212	0.251	0.213	0.281	0.239	0.23	0.175	0.25	0.197	0.204	0.197	0.247	0.231	0.281	0.26	0.347	0.325	0.183	0.237	0.165	0.164	0.21	0.235	0.218	0.257	0.228	0.204	0.197	0.316	0.2	0.237	0.152	0.16	0.195	0.238	0.223	0.185	0.217	0.171	0.252	0.197	0.219	0.241	0.17	0.166	0.18	0.19	0.22	0.219	0.265	0.237	0.309	0.243	0.297	0.259	0.149	0.151	0.192	0.196	0.177	0.23	0.263	0.148	0.223	0.215	0.232	0.166	0.191	0.18	0.24	0.152	0.178	0.167	0.21	0.312	0.18	0.236	0.106	0.105	0.19	0.187
3:07:57	29.1	0.26	0.242	0.246	0.158	0.45	0.193	0.233	0.233	0.23	0.178	0.149	0.15	0.209	0.234	0.27	0.222	0.269	0.219	0.291	0.242	0.239	0.179	0.251	0.201	0.21	0.204	0.259	0.24	0.293	0.265	0.366	0.334	0.189	0.243	0.167	0.165	0.224	0.242	0.225	0.274	0.236	0.209	0.201	0.33	0.206	0.244	0.154	0.162	0.199	0.248	0.231	0.189	0.225	0.175	0.259	0.203	0.226	0.26	0.172	0.169	0.186	0.197	0.23	0.229	0.28	0.242	0.316	0.251	0.305	0.276	0.151	0.153	0.196	0.201	0.181	0.239	0.279	0.152	0.229	0.222	0.238	0.169	0.192	0.183	0.248	0.156	0.184	0.171	0.217	0.319	0.186	0.252	0.106	0.106	0.191	0.189
3:23:36	29.1	0.271	0.249	0.251	0.162	0.479	0.2	0.242	0.237	0.237	0.179	0.15	0.152	0.219	0.247	0.286	0.231	0.279	0.227	0.31	0.256	0.245	0.185	0.252	0.203	0.224	0.214	0.274	0.246	0.303	0.273	0.39	0.347	0.195	0.251	0.168	0.166	0.234	0.249	0.235	0.286	0.244	0.217	0.206	0.351	0.214	0.251	0.156	0.165	0.207	0.254	0.243	0.193	0.233	0.178	0.268	0.211	0.236	0.27	0.177	0.171	0.193	0.204	0.238	0.24	0.293	0.256	0.328	0.26	0.314	0.287	0.154	0.156	0.203	0.208	0.188	0.246	0.288	0.156	0.236	0.23	0.246	0.174	0.195	0.185	0.263	0.161	0.193	0.176	0.226	0.339	0.191	0.262	0.106	0.106	0.193	0.191
3:39:15	29.1	0.29	0.268	0.272	0.168	0.504	0.209	0.249	0.254	0.246	0.189	0.152	0.154	0.23	0.251	0.296	0.242	0.289	0.234	0.313	0.27	0.254	0.192	0.257	0.206	0.235	0.223	0.302	0.266	0.322	0.282	0.42	0.369	0.202	0.267	0.171	0.168	0.247	0.257	0.248	0.303	0.259	0.226	0.215	0.381	0.222	0.262	0.16	0.167	0.231	0.263	0.251	0.199	0.236	0.184	0.287	0.218	0.249	0.278	0.18	0.175	0.201	0.214	0.246	0.246	0.305	0.267	0.35	0.269	0.329	0.288	0.157	0.159	0.21	0.216	0.195	0.264	0.302	0.16	0.249	0.237	0.26	0.18	0.198	0.188	0.274	0.165	0.2	0.181	0.233	0.362	0.197	0.273	0.105	0.106	0.195	0.193
3:54:54	29.2	0.292	0.275	0.28	0.177	0.536	0.221	0.264	0.264	0.262	0.204	0.154	0.156	0.236	0.273	0.308	0.249	0.306	0.249	0.327	0.28	0.274	0.203	0.261	0.21	0.244	0.235	0.324	0.281	0.337	0.297	0.45	0.398	0.21	0.275	0.173	0.169	0.269	0.28	0.263	0.317	0.268	0.235	0.233	0.413	0.228	0.28	0.163	0.17	0.245	0.287	0.263	0.211	0.255	0.189	0.3	0.231	0.257	0.294	0.183	0.178	0.212	0.224	0.265	0.26	0.328	0.278	0.377	0.292	0.349	0.307	0.16	0.162	0.221	0.226	0.202	0.279	0.322	0.164	0.27	0.244	0.271	0.187	0.203	0.192	0.293	0.171	0.21	0.187	0.24	0.393	0.205	0.287	0.105	0.106	0.198	0.195
4:10:33	29.1	0.309	0.285	0.287	0.186	0.562	0.226	0.275	0.273	0.267	0.215	0.157	0.158	0.253	0.278	0.328	0.271	0.326	0.258	0.348	0.293	0.282	0.213	0.263	0.214	0.257	0.244	0.35	0.288	0.363	0.316	0.481	0.426	0.217	0.29	0.176	0.172	0.289	0.291	0.278	0.338	0.279	0.241	0.237	0.451	0.244	0.286	0.166	0.173	0.259	0.297	0.283	0.216	0.263	0.197	0.316	0.237	0.274	0.319	0.187	0.183	0.22	0.234	0.275	0.277	0.346	0.289	0.406	0.301	0.376	0.334	0.164	0.165	0.226	0.235	0.212	0.29	0.34	0.168	0.276	0.261	0.281	0.193	0.207	0.195	0.314	0.176	0.225	0.193	0.25	0.425	0.214	0.309	0.105	0.106	0.2	0.198
4:26:11	29.2	0.328	0.304	0.305	0.194	0.596	0.24	0.283	0.286	0.276	0.222	0.16	0.161	0.271	0.293	0.353	0.279	0.349	0.27	0.381	0.307	0.297	0.222	0.27	0.218	0.267	0.252	0.382	0.305	0.393	0.338	0.513	0.459	0.228	0.313	0.179	0.174	0.316	0.305	0.295	0.367	0.297	0.256	0.249	0.49	0.253	0.303	0.17	0.176	0.276	0.312	0.296	0.224	0.273	0.205	0.332	0.246	0.287	0.334	0.191	0.187	0.225	0.24	0.288	0.289	0.371	0.303	0.44	0.314	0.405	0.362	0.168	0.169	0.233	0.242	0.222	0.304	0.362	0.172	0.288	0.271	0.298	0.201	0.21	0.199	0.337	0.182	0.237	0.202	0.264	0.458	0.224	0.326	0.105	0.105	0.205	0.2
4:41:50	29.1	0.349	0.329	0.328	0.203	0.636	0.244	0.294	0.303	0.289	0.232	0.162	0.164	0.294	0.312	0.381	0.291	0.372	0.281	0.412	0.325	0.312	0.236	0.289	0.249	0.28	0.272	0.41	0.329	0.414	0.366	0.548	0.491	0.236	0.328	0.182	0.178	0.347	0.323	0.313	0.394	0.317	0.264	0.262	0.522	0.26	0.318	0.173	0.179	0.296	0.333	0.306	0.234	0.288	0.211	0.358	0.26	0.297	0.355	0.195	0.19	0.244	0.256	0.308	0.305	0.405	0.325	0.471	0.326	0.437	0.376	0.172	0.173	0.25	0.261	0.231	0.328	0.39	0.176	0.302	0.28	0.32	0.217	0.216	0.203	0.365	0.19	0.253	0.212	0.276	0.496	0.232	0.357	0.105	0.106	0.207	0.203
4:57:29	29.2	0.382	0.358	0.358	0.211	0.679	0.257	0.311	0.32	0.31	0.248	0.165	0.167	0.334	0.337	0.412	0.309	0.401	0.302	0.442	0.35	0.338	0.255	0.3	0.241	0.299	0.284	0.443	0.354	0.439	0.394	0.586	0.525	0.249	0.35	0.186	0.181	0.376	0.348	0.338	0.426	0.338	0.275	0.28	0.56	0.277	0.354	0.177	0.182	0.32	0.359	0.328	0.237	0.305	0.22	0.385	0.268	0.313	0.385	0.2	0.194	0.255	0.269	0.33	0.325	0.43	0.348	0.512	0.352	0.468	0.4	0.176	0.177	0.257	0.27	0.24	0.356	0.416	0.182	0.32	0.295	0.338	0.226	0.221	0.208	0.396	0.198	0.275	0.223	0.295	0.528	0.239	0.387	0.105	0.106	0.211	0.207
5:13:08	29.2	0.406	0.384	0.387	0.221	0.72	0.269	0.335	0.347	0.336	0.268	0.168	0.17	0.36	0.362	0.446	0.332	0.427	0.324	0.471	0.378	0.361	0.274	0.302	0.258	0.322	0.298	0.477	0.38	0.467	0.424	0.621	0.561	0.26	0.369	0.189	0.184	0.411	0.374	0.365	0.457	0.364	0.293	0.3	0.59	0.296	0.365	0.181	0.185	0.347	0.387	0.353	0.256	0.322	0.236	0.413	0.279	0.335	0.414	0.205	0.199	0.271	0.284	0.359	0.349	0.46	0.377	0.55	0.379	0.502	0.43	0.179	0.18	0.272	0.287	0.256	0.389	0.442	0.187	0.345	0.315	0.364	0.239	0.227	0.214	0.424	0.206	0.299	0.23	0.314	0.569	0.254	0.418	0.104	0.106	0.215	0.21
5:28:47	29.1	0.436	0.413	0.417	0.235	0.764	0.286	0.363	0.371	0.36	0.294	0.171	0.174	0.385	0.389	0.477	0.358	0.456	0.352	0.507	0.402	0.39	0.296	0.307	0.272	0.347	0.324	0.516	0.412	0.499	0.456	0.656	0.594	0.268	0.393	0.192	0.188	0.446	0.405	0.399	0.492	0.391	0.313	0.329	0.617	0.32	0.392	0.186	0.189	0.374	0.418	0.381	0.264	0.346	0.244	0.445	0.296	0.362	0.447	0.21	0.203	0.287	0.304	0.386	0.379	0.491	0.404	0.584	0.408	0.537	0.461	0.184	0.185	0.29	0.303	0.267	0.417	0.478	0.194	0.375	0.333	0.392	0.256	0.234	0.22	0.463	0.216	0.326	0.241	0.336	0.606	0.265	0.453	0.104	0.106	0.219	0.213
5:44:25	29.1	0.469	0.445	0.45	0.251	0.807	0.307	0.389	0.402	0.39	0.32	0.175	0.178	0.421	0.42	0.515	0.388	0.494	0.378	0.544	0.43	0.416	0.323	0.315	0.268	0.377	0.348	0.557	0.444	0.531	0.489	0.701	0.627	0.284	0.422	0.197	0.191	0.486	0.437	0.429	0.53	0.418	0.338	0.36	0.661	0.348	0.417	0.19	0.193	0.41	0.448	0.411	0.275	0.37	0.258	0.48	0.317	0.388	0.482	0.218	0.209	0.307	0.323	0.418	0.408	0.531	0.435	0.626	0.44	0.579	0.499	0.19	0.189	0.311	0.325	0.286	0.454	0.514	0.202	0.405	0.36	0.42	0.277	0.245	0.228	0.498	0.223	0.359	0.256	0.366	0.65	0.282	0.489	0.104	0.106	0.226	0.219
6:00:04	29.1	0.5	0.477	0.482	0.272	0.851	0.335	0.418	0.426	0.415	0.341	0.177	0.181	0.455	0.451	0.55	0.417	0.527	0.406	0.58	0.463	0.447	0.352	0.332	0.286	0.402	0.375	0.597	0.478	0.565	0.522	0.76	0.673	0.303	0.451	0.2	0.194	0.527	0.469	0.463	0.56	0.449	0.364	0.39	0.718	0.376	0.449	0.195	0.195	0.447	0.482	0.442	0.292	0.398	0.274	0.515	0.341	0.416	0.512	0.224	0.216	0.331	0.346	0.449	0.442	0.567	0.465	0.667	0.476	0.612	0.526	0.194	0.194	0.332	0.346	0.306	0.489	0.544	0.21	0.439	0.387	0.45	0.304	0.252	0.237	0.536	0.238	0.392	0.265	0.39	0.683	0.301	0.523	0.104	0.105	0.231	0.223
6:15:44	29.1	0.533	0.513	0.521	0.297	0.892	0.36	0.447	0.457	0.448	0.375	0.183	0.185	0.494	0.488	0.589	0.451	0.563	0.435	0.618	0.499	0.483	0.385	0.347	0.306	0.435	0.405	0.645	0.519	0.609	0.56	0.801	0.726	0.326	0.484	0.206	0.199	0.572	0.51	0.504	0.599	0.482	0.39	0.425	0.766	0.411	0.483	0.2	0.2	0.487	0.52	0.479	0.313	0.424	0.294	0.553	0.369	0.449	0.549	0.234	0.223	0.362	0.375	0.487	0.477	0.602	0.499	0.715	0.51	0.652	0.565	0.201	0.198	0.355	0.372	0.334	0.532	0.586	0.22	0.474	0.418	0.485	0.333	0.261	0.247	0.576	0.249	0.427	0.284	0.419	0.726	0.327	0.566	0.104	0.105	0.239	0.228
6:31:23	29.1	0.57	0.548	0.552	0.323	0.93	0.385	0.478	0.486	0.48	0.407	0.188	0.19	0.529	0.522	0.626	0.484	0.604	0.467	0.655	0.528	0.515	0.422	0.37	0.33	0.466	0.434	0.69	0.549	0.652	0.595	0.837	0.768	0.35	0.509	0.212	0.203	0.611	0.548	0.537	0.639	0.516	0.422	0.456	0.806	0.441	0.514	0.207	0.205	0.528	0.561	0.515	0.338	0.455	0.322	0.586	0.396	0.481	0.593	0.242	0.23	0.391	0.404	0.524	0.512	0.636	0.536	0.758	0.545	0.695	0.606	0.207	0.204	0.384	0.401	0.359	0.569	0.622	0.228	0.511	0.449	0.518	0.365	0.28	0.262	0.622	0.266	0.462	0.304	0.453	0.768	0.354	0.602	0.104	0.105	0.249	0.235
6:47:01	29.1	0.605	0.584	0.587	0.349	0.971	0.413	0.513	0.519	0.508	0.441	0.193	0.193	0.561	0.559	0.67	0.521	0.648	0.505	0.703	0.563	0.553	0.459	0.396	0.35	0.499	0.47	0.738	0.589	0.698	0.642	0.88	0.81	0.376	0.547	0.219	0.211	0.657	0.592	0.574	0.68	0.553	0.452	0.492	0.85	0.476	0.55	0.214	0.211	0.579	0.598	0.551	0.364	0.485	0.348	0.624	0.423	0.513	0.637	0.247	0.241	0.42	0.433	0.561	0.553	0.682	0.571	0.8	0.58	0.736	0.648	0.215	0.209	0.412	0.43	0.388	0.612	0.652	0.246	0.546	0.482	0.553	0.399	0.292	0.27	0.66	0.287	0.501	0.328	0.487	0.811	0.381	0.636	0.104	0.105	0.26	0.242
7:02:40	29.1	0.644	0.631	0.635	0.378	1.013	0.443	0.544	0.557	0.543	0.477	0.197	0.197	0.617	0.6	0.721	0.555	0.696	0.538	0.75	0.602	0.593	0.502	0.418	0.377	0.538	0.504	0.783	0.626	0.741	0.694	0.923	0.853	0.404	0.585	0.227	0.217	0.713	0.627	0.613	0.73	0.589	0.485	0.522	0.892	0.503	0.59	0.221	0.219	0.621	0.641	0.591	0.394	0.517	0.377	0.662	0.459	0.55	0.684	0.265	0.26	0.453	0.468	0.602	0.589	0.726	0.607	0.844	0.62	0.785	0.694	0.221	0.217	0.446	0.458	0.416	0.652	0.701	0.253	0.582	0.514	0.588	0.437	0.302	0.294	0.708	0.306	0.54	0.358	0.52	0.857	0.411	0.68	0.104	0.104	0.269	0.253
7:18:19	29.1	0.692	0.677	0.684	0.408	1.045	0.469	0.584	0.588	0.579	0.512	0.206	0.203	0.666	0.645	0.767	0.596	0.741	0.576	0.802	0.647	0.632	0.536	0.444	0.4	0.575	0.541	0.823	0.675	0.783	0.742	0.962	0.892	0.433	0.627	0.237	0.224	0.759	0.67	0.654	0.769	0.628	0.519	0.563	0.936	0.542	0.638	0.23	0.227	0.671	0.682	0.627	0.423	0.549	0.408	0.709	0.49	0.584	0.728	0.277	0.283	0.488	0.501	0.639	0.625	0.763	0.651	0.887	0.662	0.826	0.737	0.231	0.226	0.477	0.492	0.45	0.693	0.744	0.267	0.615	0.547	0.627	0.473	0.318	0.305	0.744	0.33	0.585	0.386	0.557	0.898	0.443	0.723	0.104	0.104	0.277	0.269
7:33:59	29.1	0.735	0.724	0.729	0.442	1.06	0.506	0.627	0.632	0.625	0.555	0.212	0.208	0.711	0.694	0.811	0.639	0.782	0.621	0.845	0.699	0.682	0.587	0.471	0.433	0.617	0.579	0.867	0.719	0.825	0.784	1.001	0.935	0.467	0.673	0.246	0.232	0.801	0.72	0.705	0.811	0.674	0.557	0.607	0.974	0.575	0.681	0.241	0.238	0.72	0.73	0.667	0.459	0.587	0.441	0.751	0.526	0.625	0.772	0.286	0.298	0.532	0.542	0.683	0.667	0.805	0.698	0.926	0.703	0.867	0.779	0.242	0.234	0.514	0.526	0.487	0.737	0.785	0.284	0.659	0.584	0.67	0.513	0.337	0.323	0.787	0.359	0.625	0.415	0.593	0.941	0.475	0.76	0.104	0.105	0.298	0.285
7:49:38	29.1	0.78	0.765	0.772	0.472	1.061	0.538	0.67	0.676	0.671	0.605	0.222	0.219	0.758	0.737	0.85	0.686	0.825	0.668	0.883	0.737	0.725	0.636	0.499	0.469	0.664	0.628	0.908	0.759	0.864	0.826	1.037	0.973	0.499	0.716	0.252	0.241	0.849	0.761	0.749	0.85	0.72	0.595	0.656	1.013	0.626	0.723	0.253	0.25	0.758	0.773	0.714	0.494	0.631	0.474	0.795	0.562	0.669	0.816	0.304	0.285	0.573	0.583	0.726	0.707	0.846	0.739	0.97	0.747	0.906	0.821	0.251	0.244	0.551	0.563	0.526	0.782	0.829	0.308	0.704	0.62	0.711	0.548	0.363	0.348	0.828	0.387	0.666	0.452	0.627	0.979	0.508	0.799	0.104	0.104	0.311	0.294
8:05:17	29.1	0.822	0.807	0.815	0.504	1.061	0.58	0.715	0.719	0.71	0.654	0.232	0.23	0.803	0.778	0.891	0.729	0.868	0.716	0.926	0.776	0.767	0.681	0.533	0.509	0.718	0.673	0.95	0.8	0.908	0.87	1.057	1.011	0.529	0.757	0.27	0.251	0.891	0.807	0.791	0.89	0.767	0.639	0.701	1.045	0.673	0.767	0.265	0.257	0.805	0.816	0.759	0.53	0.667	0.509	0.836	0.597	0.711	0.856	0.32	0.31	0.616	0.622	0.77	0.752	0.889	0.781	1.009	0.791	0.95	0.864	0.265	0.255	0.591	0.597	0.564	0.824	0.87	0.332	0.747	0.665	0.755	0.591	0.392	0.371	0.87	0.417	0.713	0.485	0.665	1.019	0.541	0.843	0.104	0.105	0.325	0.319
8:20:56	29.1	0.861	0.849	0.851	0.541	1.057	0.621	0.756	0.757	0.749	0.697	0.237	0.236	0.845	0.821	0.928	0.77	0.907	0.756	0.962	0.812	0.805	0.719	0.56	0.545	0.757	0.717	0.99	0.837	0.947	0.909	1.06	1.041	0.569	0.795	0.277	0.266	0.934	0.851	0.833	0.928	0.806	0.685	0.741	1.055	0.71	0.807	0.28	0.267	0.845	0.854	0.796	0.564	0.713	0.543	0.875	0.639	0.751	0.895	0.331	0.32	0.655	0.662	0.809	0.791	0.924	0.821	1.042	0.832	0.983	0.905	0.279	0.271	0.629	0.638	0.601	0.862	0.911	0.359	0.786	0.703	0.793	0.641	0.417	0.395	0.909	0.451	0.756	0.523	0.699	1.053	0.572	0.883	0.104	0.106	0.345	0.336
8:36:35	29.1	0.905	0.885	0.895	0.588	1.055	0.664	0.793	0.798	0.789	0.739	0.252	0.243	0.891	0.863	0.968	0.811	0.947	0.793	1.003	0.851	0.846	0.762	0.592	0.587	0.801	0.758	1.023	0.876	0.986	0.949	1.058	1.056	0.607	0.835	0.287	0.278	0.975	0.892	0.871	0.962	0.846	0.728	0.783	1.056	0.753	0.848	0.287	0.286	0.884	0.892	0.834	0.602	0.748	0.584	0.912	0.679	0.788	0.931	0.353	0.343	0.699	0.703	0.848	0.828	0.964	0.859	1.061	0.871	1.022	0.939	0.291	0.282	0.671	0.683	0.64	0.899	0.95	0.384	0.827	0.742	0.831	0.684	0.448	0.419	0.943	0.486	0.796	0.558	0.736	1.076	0.608	0.92	0.103	0.105	0.371	0.357
8:52:14	29.1	0.938	0.927	0.931	0.629	1.051	0.706	0.835	0.835	0.828	0.777	0.259	0.257	0.931	0.904	1.005	0.846	0.986	0.83	1.037	0.887	0.884	0.801	0.631	0.63	0.838	0.8	1.043	0.914	1.02	0.986	1.054	1.056	0.651	0.873	0.301	0.294	1.011	0.934	0.909	0.995	0.888	0.766	0.823	1.054	0.791	0.884	0.3	0.299	0.924	0.93	0.871	0.643	0.787	0.626	0.952	0.721	0.829	0.968	0.377	0.362	0.738	0.743	0.885	0.866	0.998	0.896	1.063	0.91	1.05	0.977	0.304	0.306	0.71	0.729	0.684	0.937	0.987	0.413	0.861	0.78	0.868	0.725	0.478	0.451	0.983	0.521	0.836	0.598	0.773	1.081	0.646	0.956	0.103	0.105	0.399	0.376
9:07:53	29.1	0.971	0.959	0.969	0.673	1.054	0.748	0.872	0.868	0.864	0.817	0.271	0.268	0.969	0.942	1.039	0.884	1.02	0.867	1.067	0.926	0.924	0.842	0.668	0.674	0.878	0.84	1.047	0.95	1.047	1.022	1.054	1.056	0.693	0.911	0.324	0.311	1.049	0.976	0.948	1.023	0.929	0.809	0.864	1.054	0.834	0.923	0.322	0.317	0.964	0.973	0.908	0.684	0.83	0.673	0.988	0.761	0.865	1	0.399	0.386	0.778	0.781	0.924	0.906	1.033	0.935	1.063	0.947	1.061	1.006	0.323	0.313	0.746	0.768	0.718	0.973	1.023	0.442	0.903	0.818	0.906	0.771	0.504	0.48	1.019	0.558	0.875	0.632	0.811	1.085	0.684	0.992	0.103	0.105	0.424	0.403
9:23:32	29.1	1.01	0.994	1.003	0.714	1.054	0.786	0.909	0.907	0.906	0.858	0.28	0.283	1.005	0.984	1.057	0.924	1.051	0.908	1.082	0.96	0.961	0.882	0.716	0.717	0.921	0.884	1.048	0.99	1.054	1.054	1.055	1.054	0.733	0.946	0.348	0.334	1.078	1.013	0.987	1.033	0.968	0.847	0.902	1.054	0.873	0.959	0.344	0.337	1.002	1.008	0.945	0.725	0.871	0.714	1.022	0.8	0.903	1.027	0.425	0.409	0.823	0.819	0.961	0.943	1.059	0.971	1.061	0.982	1.061	1.034	0.345	0.333	0.788	0.808	0.759	1.007	1.052	0.475	0.94	0.858	0.943	0.809	0.536	0.514	1.05	0.599	0.914	0.671	0.846	1.081	0.724	1.022	0.103	0.106	0.455	0.43
9:39:11	29.1	1.038	1.02	1.031	0.754	1.054	0.822	0.947	0.943	0.939	0.898	0.3	0.297	1.036	1.016	1.055	0.961	1.059	0.943	1.079	0.993	0.994	0.915	0.756	0.762	0.958	0.922	1.041	1.021	1.051	1.061	1.052	1.052	0.772	0.981	0.369	0.357	1.085	1.05	1.022	1.032	1.006	0.885	0.94	1.052	0.91	0.991	0.368	0.357	1.039	1.042	0.983	0.764	0.908	0.755	1.046	0.838	0.938	1.044	0.452	0.434	0.862	0.859	0.996	0.979	1.066	1.007	1.06	1.015	1.06	1.045	0.369	0.355	0.826	0.843	0.798	1.038	1.065	0.51	0.974	0.895	0.976	0.852	0.569	0.543	1.077	0.641	0.95	0.711	0.883	1.08	0.762	1.039	0.103	0.105	0.49	0.459
9:54:50	29.1	1.048	1.028	1.04	0.791	1.052	0.859	0.978	0.974	0.973	0.933	0.318	0.315	1.057	1.043	1.054	0.995	1.055	0.975	1.076	1.012	1.018	0.951	0.792	0.799	0.992	0.958	1.041	1.031	1.045	1.063	1.052	1.05	0.81	1.007	0.395	0.38	1.079	1.073	1.043	1.024	1.038	0.923	0.973	1.051	0.946	1.02	0.394	0.384	1.065	1.064	1.013	0.801	0.944	0.794	1.048	0.873	0.97	1.042	0.474	0.463	0.897	0.893	1.024	1.01	1.064	1.035	1.058	1.042	1.054	1.047	0.396	0.378	0.861	0.877	0.834	1.052	1.069	0.541	1.004	0.927	1.003	0.888	0.6	0.579	1.08	0.672	0.983	0.748	0.918	1.077	0.798	1.039	0.103	0.105	0.524	0.488
10:10:30	29	1.043	1.028	1.041	0.825	1.053	0.896	1.009	0.993	1	0.965	0.341	0.339	1.064	1.054	1.049	1.024	1.053	1.008	1.075	1.012	1.024	0.984	0.827	0.841	1.027	0.993	1.036	1.034	1.044	1.06	1.051	1.048	0.845	1.027	0.425	0.404	1.076	1.079	1.049	1.022	1.065	0.957	1.005	1.05	0.981	1.04	0.42	0.411	1.078	1.07	1.043	0.84	0.98	0.834	1.048	0.91	1.002	1.04	0.504	0.493	0.936	0.931	1.046	1.039	1.061	1.051	1.058	1.052	1.053	1.041	0.424	0.403	0.898	0.914	0.871	1.053	1.064	0.581	1.035	0.966	1.03	0.926	0.634	0.616	1.08	0.714	1.016	0.786	0.952	1.076	0.837	1.039	0.103	0.105	0.552	0.52
10:26:09	29.1	1.043	1.027	1.041	0.866	1.052	0.933	1.022	0.998	1.012	1	0.363	0.361	1.061	1.057	1.051	1.041	1.052	1.027	1.074	1.012	1.024	1.008	0.867	0.878	1.057	1.024	1.038	1.034	1.044	1.059	1.051	1.048	0.882	1.029	0.453	0.431	1.074	1.081	1.049	1.021	1.07	0.992	1.03	1.052	1.014	1.043	0.45	0.436	1.08	1.068	1.054	0.882	1.013	0.871	1.048	0.946	1.02	1.037	0.534	0.522	0.972	0.965	1.048	1.046	1.06	1.055	1.059	1.053	1.054	1.036	0.454	0.432	0.935	0.946	0.909	1.051	1.062	0.619	1.045	0.994	1.033	0.961	0.67	0.649	1.078	0.753	1.041	0.824	0.984	1.077	0.87	1.035	0.103	0.105	0.589	0.552
10:41:49	29.1	1.045	1.021	1.04	0.903	1.059	0.962	1.026	0.998	1.01	1.015	0.387	0.38	1.06	1.051	1.047	1.039	1.05	1.023	1.071	1.012	1.021	1.007	0.897	0.917	1.062	1.042	1.034	1.028	1.041	1.057	1.053	1.047	0.914	1.023	0.48	0.464	1.068	1.076	1.041	1.016	1.063	1.011	1.031	1.052	1.028	1.036	0.478	0.47	1.072	1.061	1.051	0.911	1.027	0.902	1.046	0.971	1.017	1.032	0.561	0.551	0.994	0.988	1.04	1.041	1.055	1.048	1.057	1.046	1.051	1.035	0.48	0.462	0.959	0.968	0.932	1.048	1.058	0.651	1.042	1.013	1.028	0.987	0.701	0.685	1.069	0.783	1.037	0.854	1.006	1.075	0.895	1.033	0.103	0.106	0.617	0.584
10:57:29	29.1	1.035	1.02	1.03	0.933	1.054	0.989	1.019	0.99	1.004	1.024	0.411	0.406	1.055	1.047	1.045	1.037	1.048	1.021	1.067	1.007	1.017	1.004	0.933	0.945	1.062	1.052	1.033	1.028	1.042	1.053	1.048	1.045	0.942	1.018	0.509	0.497	1.068	1.074	1.041	1.016	1.062	1.026	1.031	1.053	1.033	1.031	0.507	0.503	1.068	1.061	1.05	0.943	1.04	0.938	1.041	0.998	1.015	1.031	0.595	0.585	1.029	1.02	1.04	1.041	1.055	1.045	1.056	1.046	1.05	1.034	0.512	0.495	0.989	0.996	0.964	1.045	1.057	0.691	1.041	1.023	1.022	1.014	0.738	0.715	1.07	0.819	1.036	0.888	1.023	1.073	0.926	1.03	0.103	0.105	0.652	0.622
11:13:08	29.1	1.039	1.019	1.029	0.959	1.049	1	1.017	0.99	1.001	1.023	0.437	0.434	1.051	1.047	1.043	1.033	1.048	1.019	1.07	1.004	1.015	1.001	0.967	0.97	1.057	1.051	1.031	1.023	1.038	1.052	1.053	1.046	0.97	1.014	0.54	0.532	1.066	1.072	1.037	1.014	1.059	1.029	1.028	1.047	1.033	1.027	0.54	0.536	1.066	1.057	1.044	0.977	1.038	0.968	1.039	1.015	1.008	1.028	0.627	0.615	1.054	1.042	1.033	1.034	1.055	1.041	1.057	1.042	1.048	1.031	0.54	0.529	1.017	1.008	0.993	1.043	1.055	0.728	1.036	1.026	1.022	1.039	0.773	0.751	1.068	0.85	1.03	0.921	1.027	1.071	0.956	1.03	0.102	0.105	0.693	0.661
11:28:47	29.1	1.035	1.014	1.028	0.982	1.055	1.001	1.013	0.985	1	1.017	0.467	0.462	1.049	1.043	1.042	1.029	1.047	1.016	1.063	1.002	1.011	0.994	0.997	0.986	1.054	1.051	1.032	1.021	1.038	1.052	1.046	1.044	0.997	1.011	0.573	0.568	1.065	1.07	1.034	1.014	1.056	1.026	1.024	1.049	1.028	1.026	0.567	0.573	1.063	1.056	1.041	1.006	1.034	0.997	1.04	1.016	1.006	1.028	0.661	0.648	1.062	1.049	1.033	1.033	1.055	1.04	1.054	1.039	1.049	1.03	0.577	0.563	1.039	1.007	1.015	1.04	1.053	0.766	1.034	1.022	1.018	1.047	0.807	0.783	1.066	0.885	1.029	0.951	1.023	1.071	0.982	1.026	0.102	0.105	0.73	0.7
11:44:26	29.1	1.033	1.015	1.028	0.987	1.05	0.998	1.012	0.982	0.998	1.016	0.503	0.5	1.048	1.042	1.042	1.026	1.047	1.013	1.065	1.002	1.01	0.993	1.013	0.983	1.053	1.047	1.031	1.021	1.037	1.051	1.048	1.042	1.003	1.01	0.609	0.607	1.065	1.069	1.035	1.012	1.054	1.023	1.025	1.047	1.027	1.025	0.605	0.609	1.063	1.056	1.041	1.032	1.033	1.018	1.035	1.013	1.004	1.023	0.694	0.678	1.062	1.05	1.031	1.032	1.052	1.039	1.053	1.038	1.045	1.03	0.612	0.596	1.049	1.005	1.023	1.04	1.052	0.801	1.03	1.016	1.018	1.046	0.838	0.814	1.067	0.919	1.027	0.983	1.017	1.07	0.997	1.025	0.102	0.105	0.77	0.736
12:00:06	29.1	1.036	1.015	1.028	0.987	1.056	0.996	1.01	0.986	0.997	1.009	0.528	0.534	1.049	1.042	1.042	1.028	1.047	1.014	1.066	1.003	1.012	0.991	1.011	0.979	1.051	1.046	1.03	1.022	1.037	1.05	1.05	1.045	1.004	1.01	0.651	0.645	1.065	1.07	1.034	1.012	1.052	1.021	1.02	1.049	1.025	1.026	0.643	0.647	1.062	1.054	1.04	1.042	1.028	1.025	1.036	1.008	1.004	1.026	0.728	0.709	1.06	1.045	1.031	1.033	1.053	1.04	1.054	1.038	1.044	1.028	0.649	0.635	1.045	1	1.024	1.04	1.052	0.84	1.03	1.014	1.015	1.043	0.87	0.844	1.068	0.949	1.025	1.008	1.015	1.068	0.998	1.024	0.102	0.104	0.806	0.77
12:15:45	29	1.033	1.013	1.025	0.982	1.048	0.99	1.009	0.983	0.994	1.009	0.565	0.569	1.047	1.04	1.041	1.024	1.045	1.01	1.061	1	1.007	0.99	1.004	0.973	1.05	1.043	1.031	1.017	1.036	1.048	1.049	1.042	0.999	1.01	0.687	0.682	1.063	1.068	1.031	1.011	1.049	1.019	1.019	1.048	1.024	1.024	0.678	0.685	1.062	1.052	1.036	1.04	1.026	1.022	1.037	1.005	1.003	1.025	0.759	0.737	1.054	1.042	1.028	1.031	1.053	1.038	1.054	1.035	1.045	1.027	0.684	0.67	1.041	0.996	1.019	1.035	1.053	0.872	1.029	1.012	1.014	1.04	0.9	0.873	1.066	0.98	1.022	1.018	1.012	1.067	0.993	1.023	0.102	0.105	0.839	0.804
12:31:25	29.1	1.034	1.013	1.028	0.979	1.053	0.988	1.006	0.981	0.995	1.007	0.603	0.61	1.046	1.038	1.042	1.023	1.044	1.008	1.061	0.996	1.007	0.99	1.002	0.973	1.048	1.042	1.029	1.015	1.035	1.047	1.047	1.041	0.993	1.006	0.724	0.716	1.064	1.066	1.032	1.011	1.05	1.017	1.016	1.045	1.02	1.024	0.717	0.718	1.059	1.05	1.037	1.036	1.025	1.019	1.033	1.002	1.001	1.023	0.789	0.762	1.052	1.038	1.027	1.029	1.05	1.035	1.051	1.035	1.041	1.03	0.72	0.702	1.035	0.993	1.014	1.034	1.049	0.906	1.027	1.01	1.012	1.036	0.93	0.902	1.063	1.003	1.018	1.016	1.009	1.066	0.988	1.02	0.102	0.104	0.871	0.84
12:47:04	29	1.032	1.018	1.024	0.981	1.051	0.989	1.006	0.98	0.995	1.007	0.644	0.65	1.047	1.04	1.04	1.021	1.048	1.01	1.058	1	1.01	0.992	1.004	0.976	1.049	1.043	1.029	1.02	1.037	1.048	1.051	1.046	0.993	1.01	0.761	0.755	1.064	1.067	1.033	1.012	1.049	1.017	1.018	1.048	1.023	1.027	0.755	0.757	1.06	1.051	1.039	1.035	1.026	1.019	1.037	1.002	1.001	1.027	0.818	0.79	1.052	1.039	1.026	1.028	1.052	1.035	1.053	1.036	1.044	1.029	0.757	0.737	1.033	0.99	1.015	1.036	1.051	0.939	1.026	1.01	1.012	1.033	0.957	0.933	1.067	1.017	1.022	1.014	1.008	1.063	0.987	1.02	0.102	0.104	0.907	0.873
13:02:44	29.1	1.033	1.014	1.026	0.977	1.052	0.986	1.002	0.98	0.992	1.002	0.679	0.686	1.044	1.035	1.038	1.021	1.046	1.008	1.065	0.996	1.007	0.987	0.999	0.973	1.044	1.039	1.029	1.014	1.037	1.045	1.048	1.044	0.99	1.008	0.797	0.781	1.062	1.064	1.03	1.011	1.046	1.014	1.016	1.047	1.017	1.023	0.791	0.787	1.057	1.049	1.031	1.031	1.022	1.014	1.036	0.999	0.997	1.024	0.844	0.807	1.051	1.037	1.024	1.026	1.051	1.032	1.051	1.032	1.041	1.029	0.792	0.768	1.03	0.986	1.009	1.033	1.047	0.968	1.025	1.004	1.01	1.032	0.986	0.956	1.064	1.014	1.017	1.009	1.008	1.063	0.983	1.018	0.102	0.104	0.94	0.903
13:18:23	29.1	1.038	1.012	1.022	0.974	1.049	0.985	1	0.979	0.99	1.003	0.716	0.724	1.045	1.041	1.037	1.018	1.045	1.008	1.056	0.997	1.006	0.986	0.998	0.974	1.046	1.039	1.031	1.015	1.036	1.048	1.048	1.044	0.988	1.006	0.834	0.816	1.062	1.064	1.028	1.011	1.045	1.014	1.012	1.044	1.016	1.024	0.824	0.819	1.058	1.047	1.033	1.029	1.02	1.012	1.032	0.998	0.996	1.025	0.871	0.833	1.049	1.034	1.022	1.026	1.052	1.032	1.052	1.032	1.039	1.027	0.826	0.799	1.029	0.981	1.007	1.033	1.049	0.992	1.024	1.005	1.009	1.031	1.001	0.976	1.065	1.008	1.016	1.006	1.009	1.061	0.981	1.018	0.102	0.104	0.969	0.931
13:34:02	29.1	1.029	1.014	1.021	0.97	1.052	0.982	1	0.979	0.987	0.999	0.752	0.758	1.04	1.032	1.037	1.019	1.042	1.006	1.063	0.996	1.002	0.986	0.996	0.973	1.042	1.036	1.027	1.015	1.034	1.043	1.047	1.041	0.986	1.007	0.866	0.845	1.059	1.062	1.029	1.01	1.043	1.01	1.012	1.045	1.017	1.022	0.857	0.85	1.057	1.046	1.031	1.029	1.02	1.009	1.032	0.996	0.995	1.025	0.894	0.854	1.045	1.032	1.019	1.023	1.047	1.03	1.051	1.031	1.039	1.028	0.855	0.827	1.027	0.979	1.004	1.03	1.044	1.004	1.022	1.002	1.007	1.027	1.007	0.981	1.061	1.003	1.013	1.002	1.006	1.059	0.977	1.016	0.102	0.104	0.997	0.957
13:49:42	29.1	1.029	1.008	1.025	0.972	1.05	0.982	1.001	0.977	0.987	0.996	0.788	0.791	1.043	1.037	1.032	1.014	1.044	1.004	1.06	0.993	1.004	0.988	0.995	0.973	1.043	1.034	1.032	1.013	1.034	1.044	1.046	1.042	0.985	1.011	0.901	0.878	1.059	1.063	1.029	1.009	1.042	1.009	1.008	1.044	1.015	1.023	0.889	0.878	1.058	1.044	1.031	1.026	1.019	1.008	1.032	0.994	0.994	1.024	0.918	0.877	1.045	1.031	1.021	1.022	1.047	1.028	1.051	1.029	1.036	1.029	0.891	0.858	1.025	0.979	1.004	1.031	1.045	1.008	1.024	1	1.008	1.029	1.004	0.976	1.063	1	1.012	1.002	1.007	1.057	0.977	1.016	0.102	0.104	1.02	0.97
14:05:22	29	1.036	1.015	1.02	0.969	1.054	0.983	1	0.977	0.989	0.995	0.826	0.823	1.044	1.035	1.039	1.019	1.044	1.005	1.055	0.992	1.004	0.987	0.995	0.975	1.044	1.036	1.03	1.015	1.036	1.048	1.047	1.04	0.985	1.01	0.934	0.909	1.062	1.063	1.026	1.01	1.043	1.01	1.007	1.045	1.012	1.023	0.924	0.908	1.058	1.046	1.03	1.026	1.02	1.008	1.032	0.995	0.993	1.024	0.943	0.895	1.044	1.033	1.02	1.023	1.047	1.028	1.053	1.028	1.038	1.029	0.923	0.886	1.024	0.977	1.003	1.029	1.045	1.005	1.023	1	1.003	1.027	0.995	0.969	1.064	0.999	1.013	1.001	1.007	1.059	0.974	1.016	0.102	0.104	1.026	0.967
14:21:01	29.1	1.029	1.009	1.023	0.966	1.05	0.981	0.997	0.974	0.986	0.998	0.858	0.847	1.04	1.033	1.033	1.013	1.042	1.001	1.06	0.992	1	0.987	0.993	0.971	1.04	1.031	1.03	1.012	1.035	1.043	1.046	1.037	0.983	1.008	0.961	0.931	1.056	1.063	1.028	1.011	1.038	1.007	1.006	1.042	1.009	1.023	0.952	0.936	1.056	1.04	1.025	1.025	1.018	1.006	1.031	0.993	0.992	1.024	0.959	0.911	1.042	1.027	1.016	1.022	1.044	1.026	1.051	1.027	1.033	1.027	0.952	0.911	1.022	0.973	1	1.028	1.042	0.999	1.022	0.998	1.003	1.028	0.99	0.964	1.06	0.996	1.011	0.998	1.003	1.055	0.975	1.013	0.102	0.105	1.024	0.963
14:36:41	29.1	1.029	1.01	1.014	0.966	1.047	0.983	0.995	0.974	0.988	1.002	0.893	0.877	1.043	1.031	1.032	1.016	1.043	1.003	1.055	0.994	1.003	0.988	0.995	0.971	1.041	1.033	1.03	1.013	1.032	1.046	1.045	1.042	0.982	1.009	0.989	0.957	1.061	1.061	1.024	1.011	1.04	1.005	1.006	1.043	1.009	1.023	0.981	0.961	1.058	1.044	1.025	1.025	1.016	1.004	1.03	0.992	0.989	1.025	0.971	0.928	1.042	1.028	1.019	1.019	1.047	1.026	1.052	1.027	1.033	1.028	0.978	0.937	1.022	0.972	1.001	1.029	1.043	0.995	1.019	0.998	1.003	1.025	0.986	0.962	1.061	0.994	1.011	0.998	1.004	1.057	0.971	1.015	0.102	0.104	1.019	0.957
14:52:20	29.1	1.031	1.009	1.02	0.962	1.047	0.977	0.992	0.971	0.984	1.001	0.917	0.898	1.041	1.032	1.035	1.01	1.041	1.001	1.055	0.992	1.002	0.989	0.992	0.971	1.036	1.03	1.027	1.008	1.033	1.041	1.043	1.038	0.98	1.009	1.003	0.968	1.058	1.062	1.023	1.009	1.04	1.002	1.004	1.04	1.007	1.026	1	0.977	1.055	1.039	1.023	1.019	1.014	1.004	1.027	0.991	0.986	1.025	0.972	0.932	1.04	1.026	1.014	1.02	1.045	1.025	1.05	1.023	1.032	1.027	0.999	0.956	1.019	0.969	0.996	1.025	1.041	0.992	1.018	0.997	1.003	1.026	0.982	0.958	1.062	0.993	1.008	0.992	1.001	1.053	0.969	1.011	0.102	0.104	1.012	0.956
15:08:00	29.1	1.025	1.008	1.011	0.963	1.047	0.977	0.991	0.974	0.982	0.996	0.95	0.923	1.04	1.029	1.029	1.01	1.042	1.002	1.057	0.989	0.998	0.989	0.987	0.971	1.038	1.029	1.03	1.011	1.034	1.042	1.043	1.035	0.98	1.011	1.003	0.964	1.057	1.058	1.023	1.009	1.038	1.002	1.004	1.039	1.008	1.022	1.007	0.978	1.057	1.039	1.023	1.023	1.012	1.001	1.029	0.989	0.987	1.023	0.967	0.926	1.037	1.026	1.016	1.017	1.045	1.024	1.052	1.024	1.031	1.029	1.006	0.96	1.019	0.967	0.997	1.025	1.039	0.99	1.016	0.996	1.002	1.023	0.979	0.954	1.061	0.992	1.009	0.995	1.003	1.051	0.971	1.011	0.102	0.104	1.007	0.953
15:23:40	29	1.03	1.01	1.015	0.962	1.045	0.977	0.992	0.974	0.98	0.999	0.973	0.939	1.043	1.03	1.03	1.013	1.04	1	1.052	0.991	0.999	0.988	0.99	0.972	1.037	1.028	1.026	1.006	1.032	1.039	1.043	1.036	0.979	1.011	1.001	0.959	1.056	1.056	1.024	1.009	1.037	1.002	1.003	1.037	1.007	1.024	1.003	0.971	1.055	1.038	1.022	1.023	1.011	1	1.028	0.986	0.986	1.026	0.96	0.918	1.036	1.025	1.013	1.017	1.045	1.022	1.052	1.022	1.032	1.029	1.006	0.954	1.018	0.966	0.993	1.024	1.039	0.987	1.012	0.997	1.003	1.024	0.977	0.953	1.061	0.989	1.006	0.992	1.002	1.051	0.967	1.012	0.102	0.104	1.004	0.95
15:39:20	29	1.025	1.007	1.011	0.964	1.042	0.98	0.996	0.977	0.984	0.999	0.98	0.946	1.042	1.029	1.032	1.009	1.04	1.001	1.054	0.992	1.003	0.988	0.99	0.972	1.038	1.031	1.028	1.008	1.034	1.041	1.045	1.036	0.978	1.011	0.996	0.955	1.059	1.058	1.023	1.008	1.038	1.002	1.004	1.038	1.004	1.027	0.999	0.968	1.057	1.039	1.02	1.019	1.013	0.996	1.028	0.986	0.988	1.026	0.957	0.913	1.038	1.024	1.015	1.018	1.047	1.024	1.052	1.024	1.032	1.03	1.002	0.948	1.017	0.966	0.995	1.022	1.042	0.986	1.013	0.996	1.004	1.023	0.976	0.95	1.061	0.988	1.008	0.994	1.003	1.054	0.967	1.008	0.102	0.104	1.002	0.948
15:55:00	29.1	1.026	1.009	1.011	0.963	1.044	0.979	0.992	0.973	0.981	1	0.977	0.942	1.042	1.03	1.025	1.012	1.04	0.999	1.053	0.992	1.001	0.99	0.99	0.97	1.036	1.028	1.028	1.006	1.033	1.039	1.042	1.034	0.977	1.009	0.989	0.953	1.056	1.056	1.022	1.008	1.035	1.001	1.002	1.035	1.004	1.026	0.99	0.961	1.056	1.038	1.021	1.021	1.011	0.997	1.028	0.986	0.987	1.025	0.95	0.907	1.036	1.023	1.011	1.013	1.043	1.021	1.052	1.021	1.032	1.029	0.995	0.943	1.017	0.962	0.993	1.022	1.039	0.983	1.014	0.996	1.004	1.023	0.975	0.95	1.061	0.989	1.003	0.989	1	1.049	0.968	1.009	0.102	0.104	1	0.946
16:10:39	29.1	1.023	1.005	1.004	0.957	1.043	0.979	0.986	0.974	0.978	0.998	0.975	0.936	1.039	1.024	1.026	1	1.038	0.996	1.048	0.989	0.997	0.99	0.984	0.971	1.034	1.027	1.025	1.005	1.032	1.038	1.042	1.03	0.974	1.011	0.99	0.947	1.054	1.056	1.022	1.007	1.034	1.001	1.005	1.033	1.005	1.025	0.989	0.96	1.054	1.038	1.017	1.015	1.01	0.994	1.025	0.985	0.986	1.024	0.947	0.904	1.034	1.021	1.011	1.013	1.042	1.021	1.053	1.019	1.029	1.028	0.992	0.939	1.015	0.962	0.989	1.019	1.038	0.981	1.014	0.993	1.001	1.021	0.974	0.948	1.06	0.987	1.004	0.989	0.999	1.048	0.966	1.009	0.102	0.104	0.997	0.944
16:26:19	29.1	1.024	1.005	1.007	0.954	1.048	0.978	0.986	0.971	0.976	0.999	0.971	0.933	1.038	1.027	1.024	1.009	1.036	0.996	1.05	0.987	0.993	0.986	0.983	0.97	1.032	1.027	1.024	1.004	1.033	1.035	1.043	1.032	0.976	1.012	0.985	0.948	1.053	1.054	1.022	1.008	1.032	1.001	1.001	1.035	1.005	1.028	0.986	0.956	1.053	1.036	1.019	1.017	1.009	0.993	1.025	0.982	0.985	1.026	0.943	0.899	1.033	1.02	1.009	1.014	1.04	1.02	1.053	1.022	1.029	1.029	0.988	0.939	1.015	0.96	0.987	1.018	1.04	0.981	1.014	0.992	1.001	1.02	0.972	0.946	1.062	0.988	1.004	0.988	0.998	1.046	0.972	1.013	0.102	0.103	0.995	0.941
16:41:58	29	1.024	1.005	1	0.956	1.045	0.978	0.988	0.971	0.977	0.995	0.969	0.935	1.039	1.025	1.026	1.005	1.038	0.998	1.047	0.988	0.995	0.991	0.99	0.97	1.034	1.027	1.025	1.005	1.033	1.038	1.043	1.033	0.975	1.013	0.983	0.945	1.053	1.052	1.021	1.011	1.033	1.002	1.003	1.034	1.004	1.027	0.982	0.955	1.054	1.038	1.017	1.015	1.011	0.993	1.026	0.983	0.984	1.025	0.94	0.899	1.032	1.021	1.012	1.011	1.043	1.019	1.055	1.02	1.03	1.03	0.988	0.937	1.014	0.957	0.99	1.019	1.038	0.98	0.994	0.994	1.002	1.018	0.971	0.945	1.061	0.987	1.002	0.985	0.997	1.047	0.969	1.011	0.102	0.104	0.994	0.94
16:57:38	29.1	1.024	1.002	1.004	0.955	1.044	0.978	0.987	0.975	0.978	0.995	0.966	0.934	1.04	1.026	1.024	1.002	1.037	0.997	1.048	0.988	0.999	0.993	0.987	0.971	1.033	1.027	1.026	1.004	1.034	1.036	1.044	1.033	0.974	1.015	0.985	0.946	1.051	1.052	1.02	1.011	1.033	1	1.003	1.033	1.005	1.028	0.981	0.952	1.054	1.033	1.017	1.013	1.012	0.992	1.024	0.981	0.986	1.025	0.939	0.894	1.03	1.022	1.008	1.012	1.042	1.019	1.053	1.018	1.027	1.03	0.985	0.934	1.015	0.957	0.986	1.017	1.038	0.975	1.013	0.992	1.003	1.02	0.972	0.945	1.063	0.985	1.018	0.987	0.997	1.046	0.972	1.01	0.102	0.104	0.99	0.939
17:13:17	29.1	1.019	1	0.997	0.953	1.039	0.978	0.986	0.973	0.979	0.995	0.964	0.93	1.037	1.022	1.02	1.005	1.036	0.996	1.046	0.988	0.998	0.991	0.984	0.97	1.032	1.026	1.024	1.002	1.032	1.035	1.043	1.031	0.973	1.017	0.981	0.941	1.051	1.053	1.02	1.008	1.033	0.999	1.003	1.033	1.003	1.027	0.977	0.95	1.053	1.034	1.014	1.012	1.01	0.99	1.024	0.984	0.984	1.024	0.938	0.89	1.028	1.021	1.008	1.01	1.043	1.019	1.052	1.02	1.028	1.031	0.984	0.933	1.012	0.956	0.986	1.016	1.037	0.976	1.012	0.992	1.003	1.018	0.967	0.944	1.06	0.988	1.016	0.984	0.999	1.045	0.97	1.011	0.102	0.104	0.992	0.939
17:28:58	29	1.022	1.001	1.001	0.957	1.044	0.982	0.989	0.976	0.981	0.996	0.961	0.932	1.039	1.022	1.025	0.999	1.037	0.998	1.046	0.99	0.996	0.995	0.982	0.971	1.033	1.027	1.026	1.004	1.034	1.036	1.041	1.03	0.976	1.015	0.981	0.94	1.051	1.055	1.02	1.012	1.032	1.001	1.001	1.033	1.004	1.028	0.979	0.948	1.055	1.036	1.013	1.012	1.013	0.99	1.023	0.984	0.986	1.026	0.935	0.888	1.028	1.022	1.01	1.01	1.042	1.017	1.054	1.018	1.026	1.031	0.982	0.93	1.013	0.954	0.988	1.014	1.035	0.977	1.012	0.993	1.003	1.017	0.97	0.943	1.062	0.986	1.015	0.984	0.998	1.063	0.972	1.011	0.102	0.104	0.991	0.938
17:44:38	29	1.021	1.003	1	0.958	1.047	0.982	0.989	0.977	0.981	0.998	0.959	0.932	1.038	1.024	1.023	0.998	1.035	0.999	1.045	0.99	0.995	0.993	0.986	0.972	1.032	1.026	1.025	1	1.031	1.033	1.04	1.03	0.974	1.017	0.979	0.939	1.05	1.054	1.018	1.01	1.031	1.003	1.004	1.031	1.003	1.029	0.976	0.948	1.054	1.032	1.013	1.012	1.013	0.988	1.023	0.982	0.986	1.024	0.934	0.887	1.029	1.019	1.006	1.009	1.042	1.018	1.056	1.017	1.026	1.032	0.98	0.929	1.012	0.954	0.983	1.014	1.037	0.975	0.998	0.993	1.004	1.014	0.969	0.942	1.06	0.987	1.015	0.983	0.998	1.054	0.97	1.013	0.102	0.104	0.99	0.937
18:00:17	29	1.012	0.999	0.994	0.956	1.047	0.984	0.99	0.977	0.982	0.997	0.954	0.931	1.036	1.022	1.018	1	1.033	1	1.043	0.99	0.995	0.993	0.981	0.968	1.03	1.025	1.024	0.999	1.029	1.032	1.039	1.03	0.975	1.019	0.979	0.938	1.048	1.053	1.017	1.01	1.03	1	1.001	1.031	1.002	1.028	0.976	0.947	1.052	1.031	1.012	1.009	1.014	0.986	1.022	0.98	0.986	1.023	0.932	0.882	1.026	1.019	1.007	1.008	1.042	1.018	1.056	1.017	1.023	1.028	0.979	0.927	1.012	0.954	0.985	1.012	1.035	0.974	1	0.993	1.003	1.017	0.965	0.942	1.062	0.987	1.014	0.98	0.997	1.053	0.972	1.013	0.102	0.103	0.985	0.935
18:15:57	29	1.019	0.999	0.996	0.957	1.045	0.986	0.992	0.978	0.982	0.997	0.956	0.932	1.038	1.021	1.019	0.999	1.033	0.999	1.041	0.991	0.996	0.995	0.979	0.97	1.028	1.02	1.024	1	1.031	1.032	1.041	1.033	0.975	1.018	0.977	0.936	1.048	1.052	1.017	1.01	1.031	1.001	1.002	1.034	1.002	1.028	0.976	0.946	1.051	1.031	1.011	1.008	1.015	0.988	1.021	0.981	0.987	1.025	0.931	0.884	1.025	1.018	1.008	1.008	1.041	1.016	1.056	1.018	1.023	1.031	0.975	0.927	1.011	0.951	0.983	1.014	1.035	0.974	1.01	0.992	1.003	1.016	0.966	0.943	1.062	0.986	1.013	0.982	0.998	1.054	0.973	1.016	0.102	0.104	0.987	0.935
18:31:37	29	1.017	1	0.999	0.959	1.043	0.985	0.99	0.978	0.98	0.994	0.953	0.93	1.035	1.02	1.02	0.997	1.033	0.998	1.042	0.99	0.995	0.994	0.981	0.971	1.028	1.022	1.023	0.997	1.028	1.031	1.04	1.031	0.975	1.019	0.974	0.937	1.047	1.051	1.015	1.011	1.029	1.001	1.002	1.033	0.999	1.031	0.973	0.945	1.053	1.028	1.008	1.007	1.013	0.987	1.022	0.979	0.984	1.022	0.929	0.885	1.025	1.019	1.004	1.009	1.04	1.016	1.057	1.014	1.021	1.033	0.976	0.926	1.011	0.95	0.982	1.011	1.035	0.973	1.011	0.991	1.002	1.014	0.967	0.94	1.062	0.988	1.016	0.979	0.999	1.053	0.975	1.017	0.102	0.104	0.987	0.933
18:47:16	29.1	1.011	0.999	0.996	0.959	1.048	0.987	0.991	0.979	0.983	0.994	0.952	0.932	1.035	1.019	1.022	0.999	1.033	0.999	1.039	0.991	0.997	0.996	0.985	0.972	1.026	1.02	1.021	0.998	1.028	1.032	1.043	1.033	0.976	1.021	0.973	0.938	1.046	1.053	1.015	1.012	1.032	1	1	1.034	1	1.03	0.973	0.945	1.055	1.03	1.007	1.011	1.014	0.986	1.021	0.981	0.987	1.027	0.928	0.881	1.025	1.017	1.006	1.005	1.039	1.018	1.057	1.016	1.022	1.032	0.975	0.926	1.011	0.953	0.981	1.01	1.035	0.969	1.01	0.992	1.002	1.013	0.965	0.94	1.062	0.989	1.018	0.979	1	1.053	0.975	1.019	0.102	0.105	0.984	0.932
19:02:57	29	1.012	0.999	0.992	0.958	1.045	0.986	0.989	0.98	0.983	0.995	0.955	0.93	1.036	1.021	1.019	1	1.035	0.997	1.038	0.99	0.998	0.995	0.98	0.971	1.027	1.024	1.022	0.995	1.03	1.031	1.041	1.03	0.976	1.021	0.975	0.936	1.047	1.053	1.015	1.011	1.031	0.998	0.998	1.034	1.002	1.029	0.97	0.945	1.053	1.029	1.009	1.002	1.012	0.987	1.021	0.982	0.985	1.025	0.927	0.88	1.023	1.017	1.003	1.005	1.04	1.016	1.058	1.014	1.023	1.034	0.974	0.924	1.01	0.95	0.981	1.01	1.032	0.971	1.009	0.99	1.004	1.016	0.966	0.939	1.063	0.989	1.019	0.979	0.999	1.054	0.978	1.023	0.102	0.104	0.983	0.931
19:18:36	29.1	1.017	1.001	1.001	0.959	1.048	0.988	0.993	0.983	0.982	0.996	0.949	0.925	1.033	1.018	1.019	0.998	1.036	1	1.036	0.991	0.999	0.995	0.98	0.97	1.025	1.021	1.022	0.997	1.032	1.03	1.043	1.03	0.975	1.021	0.971	0.934	1.047	1.053	1.015	1.01	1.031	0.996	0.999	1.036	0.999	1.029	0.971	0.943	1.051	1.026	1.009	0.999	1.013	0.984	1.023	0.981	0.986	1.028	0.925	0.878	1.024	1.017	1.006	1.005	1.038	1.016	1.057	1.014	1.022	1.031	0.97	0.924	1.011	0.951	0.981	1.009	1.031	0.97	1.01	0.989	1.003	1.015	0.966	0.94	1.064	0.992	1.019	0.976	0.999	1.057	0.979	1.023	0.102	0.104	0.983	0.933
19:34:16	29.1	1.021	1.004	1.001	0.959	1.047	0.988	0.992	0.983	0.98	0.996	0.957	0.93	1.033	1.019	1.019	0.998	1.037	1	1.037	0.992	0.999	0.997	0.979	0.969	1.023	1.022	1.022	0.998	1.031	1.032	1.041	1.029	0.976	1.017	0.973	0.935	1.045	1.052	1.014	1.009	1.03	0.995	0.995	1.034	1	1.03	0.97	0.943	1.051	1.028	1.008	1.004	1.012	0.986	1.02	0.98	0.985	1.026	0.926	0.877	1.021	1.015	1.005	1.005	1.036	1.013	1.055	1.013	1.02	1.035	0.971	0.922	1.009	0.95	0.978	1.008	1.03	0.967	1.009	0.989	1.003	1.012	0.963	0.938	1.063	0.992	1.023	0.974	1.007	1.057	0.979	1.029	0.102	0.104	0.98	0.932
19:49:56	29	1.02	1.003	0.999	0.958	1.049	0.991	0.989	0.983	0.979	0.995	0.949	0.931	1.032	1.016	1.018	0.999	1.033	0.999	1.038	0.991	0.997	0.994	0.982	0.969	1.023	1.022	1.02	0.995	1.029	1.035	1.042	1.028	0.974	1.02	0.97	0.934	1.044	1.052	1.013	1.011	1.029	0.994	0.994	1.033	0.999	1.03	0.969	0.942	1.054	1.026	1.005	1.002	1.01	0.984	1.019	0.981	0.984	1.024	0.922	0.875	1.022	1.015	1.002	1.002	1.037	1.013	1.058	1.012	1.02	1.036	0.971	0.921	1.008	0.949	0.976	1.007	1.029	0.967	1.008	0.988	1.003	1.013	0.965	0.939	1.063	0.992	1.027	0.971	1.007	1.059	0.981	1.028	0.102	0.104	0.979	0.929
20:05:36	29.1	1.019	1	0.997	0.955	1.046	0.99	0.989	0.98	0.977	0.992	0.945	0.931	1.035	1.018	1.016	1	1.033	0.999	1.036	0.99	0.996	0.994	0.981	0.968	1.022	1.021	1.018	0.994	1.031	1.033	1.045	1.028	0.975	1.02	0.971	0.934	1.044	1.053	1.012	1.012	1.029	0.994	0.995	1.033	0.998	1.028	0.966	0.942	1.051	1.025	1.008	1	1.01	0.985	1.021	0.979	0.986	1.026	0.922	0.872	1.022	1.011	1.002	1	1.036	1.012	1.057	1.011	1.019	1.034	0.971	0.92	1.008	0.949	0.977	1.005	1.029	0.968	1.008	0.989	1.003	1.012	0.967	0.94	1.064	0.992	1.026	0.974	1.009	1.064	0.982	1.033	0.101	0.104	0.98	0.929
20:21:16	29.1	1.017	0.999	0.996	0.953	1.048	0.989	0.989	0.98	0.975	0.994	0.96	0.921	1.034	1.016	1.016	0.997	1.031	0.997	1.036	0.988	0.995	0.997	0.979	0.968	1.023	1.019	1.019	0.995	1.029	1.029	1.044	1.027	0.975	1.02	0.969	0.929	1.041	1.052	1.012	1.009	1.027	0.992	0.992	1.032	0.998	1.029	0.966	0.939	1.048	1.024	1.006	0.999	1.009	0.984	1.019	0.978	0.984	1.027	0.921	0.872	1.021	1.012	1.002	1	1.035	1.011	1.055	1.01	1.017	1.03	0.967	0.917	1.007	0.949	0.974	1.005	1.025	0.966	1.009	0.987	1.003	1.009	0.963	0.939	1.063	0.995	1.026	0.972	1.01	1.067	0.983	1.034	0.101	0.104	0.977	0.928
20:36:56	29.1	1.017	1.002	0.997	0.951	1.046	0.991	0.989	0.982	0.976	0.996	0.948	0.925	1.034	1.014	1.016	0.995	1.032	0.997	1.037	0.989	0.997	0.996	0.977	0.97	1.02	1.021	1.019	0.995	1.032	1.03	1.045	1.027	0.974	1.021	0.966	0.932	1.04	1.052	1.012	1.008	1.025	0.992	0.99	1.031	0.996	1.03	0.964	0.939	1.049	1.024	1.003	0.999	1.009	0.982	1.018	0.98	0.981	1.028	0.922	0.87	1.02	1.012	1	1	1.034	1.009	1.056	1.008	1.015	1.032	0.966	0.916	1.007	0.949	0.975	1.003	1.026	0.965	1.008	0.987	1.002	1.011	0.966	0.938	1.062	0.995	1.031	0.968	1.009	1.067	0.984	1.035	0.101	0.103	0.979	0.929
20:52:36	29.1	1.018	1.002	0.998	0.95	1.046	0.99	0.986	0.983	0.974	0.995	0.945	0.929	1.037	1.017	1.018	0.996	1.034	0.996	1.035	0.987	0.996	0.997	0.98	0.969	1.023	1.021	1.02	0.994	1.033	1.033	1.046	1.026	0.973	1.019	0.968	0.93	1.041	1.051	1.011	1.011	1.026	0.992	0.992	1.03	0.997	1.03	0.967	0.938	1.049	1.023	1.005	1.002	1.01	0.984	1.018	0.977	0.981	1.024	0.917	0.872	1.02	1.012	1	0.999	1.033	1.01	1.056	1.007	1.017	1.034	0.965	0.916	1.007	0.948	0.973	1.002	1.028	0.965	1.007	0.985	1.002	1.011	0.966	0.938	1.064	0.996	1.033	0.97	1.013	1.071	0.988	1.04	0.102	0.104	0.975	0.928
21:08:16	29	1.023	1.002	0.995	0.949	1.05	0.991	0.986	0.981	0.974	0.994	0.954	0.93	1.038	1.019	1.017	0.998	1.037	0.994	1.039	0.987	0.994	0.998	0.985	0.969	1.024	1.021	1.022	0.997	1.033	1.032	1.047	1.027	0.976	1.02	0.971	0.932	1.041	1.052	1.015	1.014	1.025	0.993	0.99	1.032	0.997	1.032	0.964	0.937	1.051	1.024	1.006	0.999	1.01	0.982	1.018	0.98	0.982	1.028	0.92	0.87	1.021	1.012	0.999	0.998	1.033	1.009	1.056	1.006	1.017	1.034	0.966	0.919	1.008	0.947	0.972	1.003	1.025	0.964	1.007	0.987	1.003	1.008	0.963	0.938	1.064	0.997	1.034	0.968	1.013	1.075	0.989	1.042	0.101	0.104	0.978	0.928
21:23:57	29.1	1.025	1.001	0.997	0.951	1.048	0.991	0.985	0.98	0.974	0.996	0.941	0.921	1.039	1.019	1.019	0.997	1.037	0.993	1.042	0.987	0.993	0.996	0.98	0.968	1.023	1.022	1.022	0.998	1.033	1.032	1.048	1.028	0.975	1.023	0.967	0.932	1.041	1.051	1.016	1.013	1.024	0.992	0.991	1.031	0.995	1.031	0.967	0.94	1.051	1.025	1.004	0.995	1.01	0.982	1.018	0.98	0.983	1.029	0.919	0.869	1.022	1.011	0.997	0.997	1.034	1.008	1.058	1.007	1.018	1.035	0.966	0.918	1.007	0.947	0.974	1.002	1.026	0.964	1.009	0.986	1.003	1.009	0.965	0.939	1.065	0.999	1.036	0.968	1.013	1.078	0.993	1.046	0.102	0.104	0.976	0.927
21:39:37	29.1	1.026	0.999	0.994	0.947	1.046	0.99	0.982	0.977	0.972	0.995	0.954	0.926	1.037	1.017	1.019	0.993	1.036	0.991	1.037	0.985	0.99	0.997	0.975	0.969	1.021	1.021	1.021	0.994	1.032	1.033	1.046	1.026	0.975	1.02	0.968	0.929	1.039	1.051	1.014	1.009	1.02	0.991	0.989	1.028	0.996	1.031	0.964	0.939	1.047	1.022	1.004	0.995	1.009	0.981	1.015	0.978	0.981	1.027	0.915	0.87	1.018	1.01	0.994	0.996	1.033	1.008	1.056	1.007	1.014	1.032	0.963	0.917	1.006	0.945	0.971	0.999	1.026	0.963	1.007	0.984	1.002	1.008	0.965	0.939	1.064	0.998	1.036	0.966	1.015	1.078	0.991	1.047	0.102	0.104	0.975	0.926
21:55:17	29.1	1.027	1.001	0.994	0.946	1.051	0.992	0.982	0.977	0.973	0.994	0.956	0.927	1.038	1.016	1.017	0.99	1.034	0.99	1.039	0.984	0.989	0.997	0.978	0.97	1.022	1.021	1.02	0.994	1.031	1.031	1.046	1.026	0.972	1.02	0.968	0.928	1.039	1.049	1.013	1.008	1.021	0.99	0.99	1.027	0.992	1.032	0.965	0.939	1.046	1.021	1.003	0.994	1.008	0.979	1.017	0.977	0.982	1.023	0.916	0.868	1.019	1.01	0.993	0.993	1.034	1.005	1.057	1.004	1.013	1.032	0.962	0.916	1.005	0.945	0.969	0.996	1.025	0.962	1.003	0.984	1.003	1.006	0.964	0.939	1.063	0.999	1.038	0.966	1.016	1.078	0.992	1.048	0.102	0.104	0.976	0.924
22:10:58	29	1.028	1.002	0.991	0.948	1.049	0.993	0.979	0.977	0.973	0.994	0.935	0.931	1.038	1.017	1.017	0.99	1.034	0.991	1.039	0.983	0.991	0.998	0.98	0.969	1.022	1.021	1.021	0.997	1.032	1.031	1.049	1.025	0.975	1.024	0.967	0.931	1.04	1.051	1.011	1.009	1.024	0.992	0.989	1.029	0.994	1.027	0.965	0.94	1.048	1.022	1.002	0.989	1.008	0.98	1.015	0.979	0.981	1.024	0.916	0.867	1.02	1.01	0.994	0.992	1.031	1.007	1.056	1.003	1.015	1.032	0.962	0.915	1.005	0.945	0.972	0.996	1.022	0.962	1.006	0.982	1.002	1.007	0.964	0.94	1.066	1.001	1.041	0.965	1.019	1.079	0.991	1.05	0.102	0.104	0.975	0.926
22:26:37	29	1.025	1.002	0.993	0.945	1.047	0.992	0.98	0.976	0.972	0.993	0.945	0.921	1.035	1.017	1.016	0.986	1.033	0.99	1.037	0.984	0.99	0.995	0.982	0.966	1.02	1.021	1.018	0.996	1.031	1.032	1.05	1.025	0.974	1.023	0.966	0.93	1.041	1.052	1.007	1.01	1.019	0.991	0.989	1.029	0.994	1.032	0.965	0.939	1.048	1.019	0.998	0.991	1.006	0.98	1.017	0.975	0.981	1.028	0.915	0.867	1.017	1.01	0.993	0.992	1.031	1.007	1.056	1.002	1.015	1.033	0.962	0.915	1.005	0.942	0.969	0.994	1.022	0.962	1.006	0.98	1.002	1.006	0.966	0.939	1.063	1.001	1.043	0.964	1.019	1.083	0.996	1.052	0.102	0.103	0.975	0.924
22:42:18	29.1	1.024	0.999	0.991	0.944	1.045	0.991	0.98	0.976	0.97	0.993	0.959	0.92	1.033	1.017	1.018	0.985	1.032	0.99	1.037	0.982	0.987	0.994	0.984	0.967	1.019	1.021	1.018	0.993	1.028	1.029	1.05	1.025	0.972	1.021	0.965	0.929	1.039	1.049	1.008	1.01	1.019	0.99	0.988	1.029	0.993	1.03	0.963	0.94	1.048	1.016	0.997	0.989	1.006	0.978	1.017	0.977	0.979	1.028	0.916	0.864	1.017	1.006	0.993	0.991	1.029	1.005	1.058	1.003	1.014	1.034	0.963	0.915	1.003	0.941	0.966	0.994	1.022	0.961	1.006	0.979	1	1.007	0.966	0.939	1.064	1.001	1.043	0.965	1.022	1.081	0.995	1.053	0.102	0.103	0.97	0.925
22:57:59	29.1	1.026	1.001	0.992	0.946	1.049	0.996	0.981	0.978	0.973	0.995	0.938	0.924	1.033	1.02	1.018	0.987	1.033	0.991	1.038	0.985	0.989	0.998	0.984	0.968	1.019	1.022	1.02	0.995	1.029	1.029	1.051	1.027	0.973	1.018	0.968	0.93	1.039	1.051	1.009	1.01	1.022	0.993	0.988	1.028	0.993	1.031	0.965	0.941	1.049	1.017	0.999	0.99	1.007	0.979	1.014	0.977	0.981	1.033	0.915	0.863	1.018	1.01	0.991	0.992	1.033	1.004	1.057	1.003	1.015	1.038	0.96	0.916	1.005	0.942	0.969	0.995	1.024	0.961	1.006	0.981	1.002	1.008	0.965	0.94	1.064	1.005	1.044	0.962	1.026	1.083	0.998	1.056	0.102	0.104	0.973	0.925
23:13:41	29	1.027	1.004	0.992	0.947	1.048	0.994	0.982	0.979	0.97	0.996	0.958	0.928	1.031	1.018	1.019	0.984	1.03	0.991	1.037	0.985	0.991	0.999	0.982	0.968	1.018	1.023	1.019	0.995	1.027	1.027	1.055	1.029	0.975	1.021	0.971	0.93	1.042	1.052	1.008	1.009	1.023	0.995	0.991	1.029	0.995	1.031	0.965	0.941	1.05	1.017	0.996	0.991	1.01	0.981	1.015	0.974	0.979	1.034	0.913	0.864	1.018	1.009	0.991	0.99	1.033	1.006	1.06	1.004	1.013	1.042	0.965	0.914	1.007	0.944	0.968	0.995	1.023	0.961	1.006	0.981	1.001	1.014	0.966	0.939	1.065	1.006	1.045	0.965	1.026	1.086	0.999	1.058	0.102	0.103	0.974	0.923
23:29:23	29.1	1.026	0.998	0.992	0.944	1.049	0.996	0.98	0.978	0.97	0.995	0.947	0.932	1.026	1.015	1.014	0.981	1.027	0.991	1.037	0.986	0.99	0.997	0.98	0.967	1.016	1.024	1.019	0.993	1.027	1.026	1.055	1.029	0.976	1.022	0.973	0.93	1.042	1.052	1.007	1.011	1.02	0.994	0.99	1.029	0.993	1.032	0.965	0.942	1.049	1.016	0.997	0.991	1.012	0.978	1.017	0.976	0.979	1.034	0.914	0.863	1.017	1.008	0.991	0.991	1.032	1.006	1.061	1.002	1.013	1.042	0.964	0.914	1.006	0.943	0.967	0.992	1.022	0.962	1.004	0.98	1.001	1.008	0.965	0.94	1.063	1.007	1.046	0.96	1.027	1.086	0.998	1.06	0.102	0.103	0.971	0.925
23:45:05	29.1	1.025	0.998	0.994	0.944	1.049	0.996	0.981	0.981	0.971	0.995	0.947	0.931	1.024	1.013	1.014	0.983	1.029	0.992	1.037	0.986	0.992	0.997	0.982	0.969	1.016	1.025	1.019	0.993	1.029	1.029	1.055	1.03	0.973	1.024	0.973	0.93	1.043	1.052	1.008	1.012	1.021	0.994	0.99	1.03	0.992	1.033	0.966	0.942	1.051	1.015	0.997	0.991	1.011	0.98	1.014	0.977	0.98	1.032	0.915	0.86	1.021	1.009	0.992	0.991	1.032	1.004	1.062	1.001	1.012	1.041	0.963	0.913	1.007	0.944	0.969	0.994	1.024	0.962	1.004	0.979	1.001	1.009	0.966	0.941	1.064	1.008	1.046	0.962	1.03	1.084	1.001	1.058	0.102	0.103	0.974	0.924
24:00:47	29.1	1.022	0.998	0.988	0.945	1.049	0.997	0.98	0.981	0.972	0.996	0.954	0.918	1.025	1.011	1.012	0.98	1.028	0.992	1.034	0.987	0.991	0.997	0.983	0.968	1.013	1.023	1.02	0.992	1.029	1.028	1.055	1.028	0.972	1.025	0.974	0.93	1.041	1.052	1.004	1.011	1.022	0.992	0.989	1.031	0.992	1.034	0.968	0.942	1.048	1.015	0.993	0.989	1.01	0.979	1.014	0.974	0.978	1.031	0.912	0.86	1.017	1.008	0.992	0.991	1.03	1.002	1.058	1.002	1.012	1.038	0.965	0.911	1.006	0.942	0.966	0.991	1.024	0.961	1.004	0.977	0.999	1.009	0.967	0.938	1.064	1.008	1.047	0.958	1.03	1.085	1.001	1.06	0.102	0.103	0.971	0.925
24:16:30	29.1	1.02	0.996	0.985	0.944	1.049	0.997	0.979	0.981	0.972	0.996	0.965	0.921	1.025	1.01	1.011	0.982	1.029	0.992	1.031	0.988	0.99	0.998	0.985	0.967	1.014	1.024	1.02	0.989	1.029	1.028	1.056	1.031	0.975	1.024	0.974	0.93	1.041	1.053	1.006	1.013	1.022	0.993	0.989	1.032	0.992	1.03	0.969	0.944	1.048	1.015	0.995	0.987	1.009	0.978	1.015	0.975	0.98	1.035	0.912	0.858	1.019	1.006	0.989	0.987	1.032	1.002	1.061	1.002	1.011	1.038	0.963	0.913	1.007	0.944	0.964	0.991	1.021	0.958	1.001	0.977	0.999	1.006	0.967	0.937	1.064	1.01	1.046	0.958	1.033	1.085	1.001	1.06	0.102	0.103	0.97	0.923
24:32:13	29.1	1.016	0.995	0.988	0.943	1.048	0.996	0.979	0.981	0.97	0.993	0.95	0.922	1.021	1.005	1.008	0.979	1.026	0.991	1.033	0.989	0.988	0.996	0.986	0.967	1.014	1.02	1.02	0.987	1.027	1.024	1.056	1.028	0.973	1.021	0.969	0.928	1.039	1.051	1.004	1.012	1.019	0.992	0.987	1.032	0.989	1.028	0.969	0.942	1.044	1.013	0.994	0.988	1.01	0.977	1.016	0.975	0.978	1.033	0.911	0.858	1.016	1.004	0.989	0.987	1.031	1.004	1.061	0.999	1.011	1.036	0.962	0.911	1.007	0.941	0.966	0.991	1.021	0.96	1.003	0.977	0.998	1.007	0.963	0.938	1.063	1.012	1.046	0.957	1.034	1.084	1.002	1.062	0.102	0.103	0.97	0.924
24:47:55	29.1	1.013	0.994	0.98	0.941	1.049	0.997	0.978	0.98	0.969	0.994	0.946	0.926	1.022	1.005	1.006	0.975	1.025	0.989	1.028	0.986	0.989	0.996	0.986	0.97	1.011	1.02	1.019	0.986	1.025	1.021	1.057	1.027	0.971	1.021	0.969	0.927	1.037	1.051	1.004	1.01	1.019	0.989	0.985	1.029	0.988	1.03	0.968	0.942	1.045	1.013	0.991	0.987	1.009	0.977	1.013	0.974	0.976	1.034	0.907	0.855	1.017	1.004	0.988	0.984	1.029	1.002	1.06	0.996	1.008	1.037	0.962	0.908	1.006	0.939	0.964	0.99	1.021	0.958	1.002	0.975	0.996	1.006	0.962	0.938	1.061	1.012	1.047	0.956	1.036	1.083	1.001	1.062	0.101	0.103	0.968	0.926
25:03:37	29.1	1.015	0.993	0.98	0.939	1.048	0.997	0.975	0.979	0.969	0.994	0.954	0.927	1.018	1.005	1.006	0.976	1.024	0.987	1.028	0.985	0.989	0.994	0.981	0.969	1.009	1.02	1.018	0.984	1.027	1.023	1.055	1.028	0.971	1.021	0.972	0.928	1.036	1.05	1.003	1.01	1.02	0.99	0.984	1.028	0.988	1.032	0.969	0.942	1.043	1.012	0.991	0.985	1.009	0.973	1.011	0.973	0.975	1.032	0.909	0.856	1.015	1.003	0.989	0.986	1.029	1	1.058	0.997	1.008	1.039	0.959	0.911	1.005	0.94	0.961	0.984	1.021	0.956	1	0.974	0.998	1.004	0.965	0.938	1.062	1.012	1.047	0.954	1.037	1.084	1.004	1.062	0.102	0.103	0.966	0.923
