Time	T° eGFP:488,520	A1	A2	A3	A4	A5	A6	A7	A8	A9	A10	A11	A12	B1	B2	B3	B4	B5	B6	B7	B8	B9	B10	B11	B12	C1	C2	C3	C4	C5	C6	C7	C8	C9	C10	C11	C12	D1	D2	D3	D4	D5	D6	D7	D8	D9	D10	D11	D12	E1	E2	E3	E4	E5	E6	E7	E8	E9	E10	E11	E12	F1	F2	F3	F4	F5	F6	F7	F8	F9	F10	F11	F12	G1	G2	G3	G4	G5	G6	G7	G8	G9	G10	G11	G12	H1	H2	H3	H4	H5	H6	H7	H8	H9	H10	H11	H12
0:00:11	29.1	726	717	733	757	759	743	754	744	714	738	755	740	741	717	740	740	735	756	733	778	747	760	744	733	739	741	752	753	747	762	747	760	773	750	739	749	728	732	760	760	773	784	769	741	751	767	735	752	738	747	818	825	834	805	812	823	833	840	812	802																																				
0:15:10	29	715	719	727	714	725	727	706	726	715	727	738	713	727	728	746	723	770	723	732	737	738	737	742	727	712	719	737	718	737	750	756	759	767	747	707	749	716	735	722	733	763	756	758	745	774	755	750	747	726	738	801	844	793	800	816	817	810	802	817	805																																				
0:30:10	29	736	709	722	743	738	730	721	717	735	723	701	712	711	725	711	734	741	745	740	716	717	718	734	731	720	742	728	707	748	736	752	738	714	759	699	723	741	734	741	743	762	766	745	753	740	748	721	720	718	731	801	805	811	829	808	804	803	802	778	807																																				
0:45:11	29.1	688	713	711	726	753	723	717	754	732	717	726	729	728	723	739	764	757	750	760	717	737	752	731	692	706	715	757	742	752	751	740	740	731	709	735	736	748	730	746	742	756	767	742	767	760	744	721	737	714	748	795	828	828	818	811	800	813	826	806	779																																				
1:00:12	29	729	736	725	722	718	736	715	733	730	717	681	723	722	738	732	730	782	769	739	719	733	722	713	725	716	735	745	754	740	777	769	743	761	743	713	743	715	725	750	731	763	764	739	738	734	725	760	731	712	719	802	815	818	821	831	794	803	814	816	798																																				
1:15:13	29	711	742	752	757	757	744	735	724	715	744	718	719	741	723	755	765	750	767	780	737	744	767	753	718	728	740	747	757	727	757	746	735	745	736	747	738	746	765	744	767	753	759	733	747	774	742	747	723	746	744	792	824	787	801	810	810	819	811	801	778																																				
1:30:15	29	728	724	753	756	765	756	739	774	748	719	713	740	743	717	749	767	784	786	764	703	734	744	731	707	730	754	736	750	745	753	772	739	745	735	729	708	761	761	771	751	776	802	773	747	755	751	764	742	740	746	806	830	805	799	795	792	800	783	793	811																																				
1:45:16	29	775	738	756	758	767	759	734	762	734	721	710	719	765	744	782	777	783	771	755	763	754	756	743	721	740	749	758	773	741	764	778	739	768	733	711	721	797	785	790	764	773	814	762	755	737	736	749	744	742	731	791	820	835	840	811	834	796	811	798	798																																				
2:00:17	29	748	778	774	797	768	771	761	770	738	720	710	724	766	773	809	789	797	784	770	762	749	746	727	740	756	764	773	779	764	764	810	764	758	762	738	729	785	779	797	791	804	802	779	754	776	738	759	725	752	731	796	823	808	789	826	820	787	793	785	813																																				
2:15:18	29.1	761	768	773	774	763	797	782	769	743	745	726	725	791	760	813	801	792	816	815	771	761	746	746	711	762	770	771	771	788	776	783	768	739	733	730	737	795	787	792	793	797	826	801	781	761	749	738	738	740	717	815	816	833	804	804	804	833	812	807	792																																				
2:30:19	29.1	772	792	812	819	807	795	750	756	747	754	716	707	806	824	839	823	813	810	813	772	784	737	722	715	776	757	772	782	786	773	810	755	773	742	740	746	809	808	810	808	831	850	814	770	790	766	743	720	746	719	792	834	809	795	791	797	803	806	782	811																																				
2:45:21	29	786	810	828	804	823	789	799	776	769	737	737	702	817	804	832	849	848	837	808	802	811	776	742	731	779	787	785	789	769	787	770	777	749	740	729	733	840	808	851	822	830	866	829	800	773	751	749	738	739	716	798	833	807	798	813	818	821	800	811	790																																				
3:00:21	29	814	807	828	810	825	820	808	780	775	740	736	720	846	840	860	853	861	854	839	830	791	771	744	726	784	786	783	796	799	798	800	777	743	723	746	713	842	857	859	841	869	882	834	799	776	772	739	710	742	727	804	809	808	827	829	828	815	813	796	797																																				
3:15:22	29.1	831	823	793	836	869	854	794	822	776	744	713	711	877	852	878	902	888	829	861	815	819	782	762	723	797	796	825	798	785	787	781	772	759	760	729	723	862	874	891	864	876	885	866	833	780	761	708	717	738	746	804	833	818	808	803	830	788	809	833	814																																				
3:30:23	29.1	862	854	851	876	856	841	853	808	806	750	723	712	925	876	892	898	899	886	886	847	812	800	728	723	782	814	819	827	809	825	813	790	759	755	735	729	887	894	920	860	879	913	862	834	777	783	749	744	748	755	818	813	797	797	803	825	814	801	777	791																																				
3:45:25	29.1	875	850	866	875	880	873	845	811	791	765	727	700	924	923	928	941	953	929	917	901	837	808	729	699	810	821	842	817	817	833	800	776	750	738	730	713	942	916	947	941	919	949	875	865	798	759	749	716	710	749	800	772	819	790	813	806	806	809	792	806																																				
4:00:26	29.1	867	888	898	887	908	882	882	862	822	763	741	742	945	952	953	973	990	967	933	906	841	790	759	742	847	878	870	835	839	836	819	804	745	729	705	739	961	946	989	925	942	973	881	879	810	788	747	734	721	733	782	802	827	826	807	797	805	822	809	815																																				
4:15:26	29.1	887	917	929	925	913	883	861	877	820	784	761	718	990	972	998	1020	996	949	935	900	899	818	752	755	855	841	882	859	871	857	849	807	761	747	735	719	1001	1004	1037	981	991	1009	920	861	827	738	742	737	730	732	812	815	817	835	811	808	820	825	806	779																																				
4:30:27	29.1	937	918	942	935	975	910	902	883	838	782	758	705	1022	1028	1040	1047	1054	989	982	945	888	835	753	754	909	886	907	897	894	895	835	801	786	741	738	745	1044	1041	1042	1013	1013	1029	977	896	833	783	738	725	722	717	797	809	827	817	799	810	819	835	779	793																																				
4:45:28	29	970	970	978	975	945	957	948	928	867	791	779	708	1066	1053	1075	1101	1083	1031	1038	983	923	827	777	737	903	927	914	925	891	908	879	813	759	747	722	720	1100	1058	1078	1036	1059	1072	972	853	831	796	765	723	729	746	803	782	830	805	814	817	802	801	785	769																																				
5:00:29	29.1	1004	1008	1003	1001	1013	979	935	916	893	826	775	736	1126	1091	1120	1135	1118	1075	1041	1001	921	868	803	720	950	937	934	913	917	915	893	825	769	766	717	750	1141	1100	1113	1040	1116	1116	1032	901	859	779	771	762	743	724	814	814	828	803	806	806	796	824	815	808																																				
5:15:31	29.1	1031	1028	1045	1044	1039	1024	1012	942	906	796	768	709	1162	1153	1153	1178	1178	1122	1109	1023	949	867	765	727	961	951	970	965	958	961	904	857	775	759	737	734	1195	1154	1192	1174	1148	1143	1045	932	861	793	760	727	718	732	788	789	802	829	780	797	787	800	806	805																																				
5:30:32	29.1	1070	1084	1047	1078	1082	1038	1014	973	922	816	770	713	1191	1211	1190	1259	1218	1173	1133	1086	953	900	807	748	1003	981	982	994	1007	996	915	856	789	755	739	748	1262	1212	1236	1151	1211	1185	1083	966	864	815	765	747	708	734	813	810	808	824	827	791	808	797	829	806																																				
5:45:32	29.1	1093	1087	1098	1096	1131	1071	1067	991	887	819	766	730	1261	1252	1261	1295	1286	1203	1184	1103	998	909	799	721	1052	1041	1038	1033	1042	1006	983	884	797	765	767	714	1315	1276	1312	1217	1289	1272	1140	1006	874	794	753	723	738	730	787	831	822	801	805	812	810	828	782	797																																				
6:00:33	29.1	1139	1109	1128	1146	1151	1120	1089	1049	953	850	789	724	1312	1299	1309	1400	1357	1281	1260	1170	1027	940	817	743	1106	1071	1076	1135	1086	1046	962	854	796	756	737	720	1383	1363	1429	1309	1347	1336	1172	987	911	804	778	733	731	755	794	831	823	813	791	808	792	811	820	796																																				
6:15:33	29.1	1195	1209	1210	1229	1233	1199	1106	1068	958	863	786	715	1386	1401	1400	1469	1416	1324	1276	1219	1056	957	825	722	1114	1133	1142	1152	1154	1071	996	916	824	750	747	728	1519	1440	1513	1373	1400	1406	1242	1060	879	810	797	737	730	738	794	808	822	820	840	817	818	811	789	800																																				
6:30:34	29	1264	1237	1261	1266	1280	1210	1180	1089	969	867	772	736	1498	1444	1472	1572	1491	1406	1363	1287	1084	986	817	736	1210	1181	1232	1205	1222	1114	1047	944	823	753	724	732	1600	1514	1603	1491	1478	1465	1298	1059	901	810	778	735	707	745	843	831	821	819	834	795	804	826	788	790																																				
6:45:36	29	1335	1287	1320	1317	1378	1302	1239	1175	1010	860	789	708	1557	1559	1567	1627	1588	1442	1422	1304	1123	951	823	740	1253	1250	1260	1265	1237	1188	1083	945	833	771	730	696	1682	1625	1681	1609	1611	1578	1367	1126	941	838	773	766	720	735	815	814	799	780	809	791	820	825	816	788																																				
7:00:36	29	1417	1404	1404	1432	1399	1367	1297	1187	1052	898	806	707	1687	1663	1646	1742	1663	1547	1513	1386	1175	991	835	730	1329	1315	1331	1322	1294	1254	1142	941	812	792	740	753	1796	1788	1812	1716	1664	1661	1431	1161	961	845	764	754	715	747	793	823	809	790	795	808	782	826	813	803																																				
7:15:37	29	1502	1476	1466	1482	1514	1438	1366	1256	1086	907	813	705	1806	1742	1725	1830	1781	1674	1608	1458	1234	1015	868	747	1405	1388	1435	1404	1441	1310	1197	998	830	779	756	742	1991	1958	1948	1893	1857	1856	1536	1219	979	844	775	722	724	716	799	809	812	782	793	800	830	777	820	791																																				
7:30:38	29.1	1598	1566	1562	1588	1590	1493	1429	1344	1126	956	817	713	1926	1912	1871	1924	1905	1752	1750	1497	1268	1043	838	724	1498	1453	1555	1511	1481	1382	1233	972	857	756	760	756	2150	2108	2111	2008	1996	1904	1623	1253	1025	846	767	762	715	711	797	802	837	787	805	812	842	822	795	786																																				
7:45:39	29.1	1681	1662	1663	1688	1635	1572	1504	1366	1174	963	809	735	2066	1983	1981	2031	2026	1881	1815	1570	1315	1076	883	753	1582	1608	1617	1613	1590	1428	1279	1024	846	787	761	745	2330	2294	2272	2204	2144	2080	1683	1305	1010	880	774	751	737	736	800	788	811	818	805	831	821	794	808	787																																				
8:00:41	29.1	1824	1741	1753	1730	1722	1673	1577	1454	1211	999	813	727	2253	2123	2064	2167	2135	2015	1909	1630	1361	1125	887	730	1710	1691	1716	1722	1671	1546	1371	1076	887	800	731	738	2446	2476	2427	2377	2270	2185	1813	1371	1056	866	784	764	701	730	790	789	809	821	801	822	817	804	813	802																																				
8:15:42	29	1874	1827	1839	1801	1786	1757	1670	1531	1277	1007	847	730	2338	2238	2165	2246	2189	2086	2018	1741	1434	1148	919	753	1831	1806	1811	1755	1773	1598	1423	1109	900	823	761	759	2592	2612	2546	2503	2379	2251	1857	1385	1040	869	806	768	725	733	788	812	817	802	808	830	789	795	800	791																																				
8:30:43	29	1957	1946	1934	1907	1878	1866	1749	1563	1280	1028	867	741	2423	2370	2316	2348	2335	2213	2094	1807	1489	1151	936	743	1967	1939	1949	1871	1842	1697	1456	1149	913	802	764	729	2757	2776	2751	2685	2505	2398	1915	1470	1075	902	802	762	732	752	794	807	811	807	822	779	799	833	806	811																																				
8:45:44	29	2074	2024	2037	1976	1937	1873	1804	1605	1286	1036	858	732	2624	2462	2424	2484	2446	2335	2159	1920	1512	1207	927	751	2082	2044	2064	2036	1941	1794	1476	1191	933	817	762	765	2908	2927	2875	2787	2692	2475	2072	1511	1056	931	778	751	720	737	778	814	792	801	834	816	818	830	781	772																																				
9:00:46	29	2184	2155	2117	2130	2046	1996	1898	1667	1355	1099	865	738	2672	2620	2580	2559	2577	2459	2293	1908	1569	1227	932	758	2180	2196	2135	2132	2018	1887	1398	1165	951	795	751	768	3136	3036	3064	2953	2774	2664	2093	1525	1106	887	831	741	717	726	816	800	804	814	830	807	816	799	791	792																																				
9:15:46	29	2219	2221	2253	2198	2179	2067	1994	1685	1384	1086	848	749	2828	2665	2696	2700	2707	2597	2385	1933	1626	1241	945	742	2325	2265	2270	2206	2105	1987	1432	1220	946	800	743	758	3213	3205	3241	3096	3009	2876	2207	1623	1146	935	830	743	719	723	798	808	808	783	824	814	804	830	804	801																																				
9:30:47	29	2381	2404	2347	2345	2269	2192	2041	1818	1465	1151	853	745	3000	2905	2849	2845	2868	2758	2517	1918	1659	1273	978	757	2381	2379	2403	2319	2244	2067	1481	1272	988	853	766	749	3481	3445	3476	3443	3254	2970	2377	1673	1146	909	831	743	746	734	799	838	812	822	815	782	831	809	815	759																																				
9:45:48	29	2429	2437	2444	2440	2331	2296	2100	1849	1449	1137	892	750	3167	3000	3029	2994	3010	2831	2670	1730	1747	1294	973	769	2505	2522	2476	2459	2389	2202	1585	1297	970	828	817	757	3714	3769	3705	3589	3395	3109	2438	1721	1170	915	826	769	730	708	790	816	788	826	812	815	823	803	796	792																																				
10:00:50	29.1	2584	2566	2541	2576	2432	2447	2175	1906	1538	1143	887	776	3356	3153	3098	3098	3181	3000	2714	1798	1760	1300	989	754	2797	2651	2624	2628	2460	2294	1511	1321	1022	859	795	747	3899	3944	3890	3870	3542	3359	2608	1776	1206	929	831	780	734	735	791	820	806	769	805	826	820	806	799	809																																				
10:15:50	29.1	2673	2660	2691	2692	2553	2540	2323	2012	1555	1178	919	749	3519	3304	3279	3186	3354	3203	2851	1848	1830	1319	1003	743	2883	2861	2739	2726	2664	2372	1547	1367	1006	830	772	781	4182	4202	4205	4056	3818	3523	2726	1849	1219	951	844	762	743	725	794	837	828	809	828	787	792	801	785	769																																				
10:30:51	29.1	2795	2811	2844	2846	2659	2688	2470	2094	1622	1218	926	779	3655	3523	3457	3392	3565	3311	2972	1992	1941	1345	1037	762	3052	3025	2953	2942	2778	2514	1688	1384	1044	835	776	772	4604	4529	4556	4297	4155	3793	2910	1933	1266	954	835	778	709	737	794	817	785	805	805	802	806	818	804	824																																				
10:45:52	29	3063	2961	3065	3012	2831	2863	2689	2247	1652	1277	944	788	4003	3769	3651	3670	3715	3482	3157	2137	1962	1399	1032	777	3291	3158	3172	3121	2976	2689	1713	1475	1089	847	796	749	4853	4952	4933	4577	4393	4015	2887	2027	1296	982	860	768	704	719	790	808	814	805	798	816	820	837	801	796																																				
11:00:53	29.1	3162	3196	3120	3151	2982	3034	2746	2307	1721	1304	974	777	4208	3947	3800	3843	3916	3720	3301	2268	2041	1438	1068	804	3423	3402	3416	3380	3090	2836	1815	1473	1084	871	811	786	5279	5259	5137	4696	4709	4182	3110	2116	1343	989	825	763	727	715	795	814	822	801	771	815	828	808	796	800																																				
11:15:55	29	3310	3385	3360	3357	3189	3173	2865	2469	1780	1311	971	778	4430	4164	4063	4016	4134	3890	3480	2375	2132	1434	1095	813	3682	3616	3635	3560	3330	2820	1929	1535	1102	841	801	772	5592	5482	5542	5260	5050	4431	3422	2171	1371	984	861	790	705	725	787	808	808	818	788	807	812	838	790	793																																				
11:30:55	29	3606	3583	3503	3568	3315	3297	3017	2557	1899	1376	990	792	4834	4368	4329	4356	4423	4116	3746	2544	2285	1532	1100	784	3952	3875	3814	3811	3496	3070	2051	1621	1134	879	829	754	5937	5766	5849	5694	5423	4829	3576	2253	1442	998	894	783	703	725	790	811	828	802	824	806	781	823	774	778																																				
11:45:56	29.1	3847	3833	3760	3774	3596	3421	3120	2666	1948	1426	1036	794	4959	4730	4625	4731	4740	4356	3887	2794	2385	1545	1135	811	4211	4243	4128	3992	3659	3331	2150	1693	1148	890	814	761	6293	6472	6243	6251	5863	5119	3801	2409	1464	1053	892	833	737	728	774	824	816	800	802	804	825	798	819	794																																				
12:00:57	29	4026	4085	4028	3958	3800	3694	3343	2814	2080	1417	1056	782	5280	5035	4908	4872	5042	4620	4193	3047	2460	1656	1184	795	4529	4416	4303	4277	3948	3583	2352	1712	1143	888	817	795	7067	6869	6782	6518	6288	5433	4047	2502	1488	1072	879	805	722	746	793	795	799	809	824	802	824	812	779	789																																				
12:15:59	29	4312	4364	4223	4254	4075	3903	3652	2905	2128	1493	1049	817	5607	5465	5295	5311	5346	4827	4345	3176	2589	1708	1205	786	4734	4600	4583	4675	4294	3831	2577	1830	1239	927	844	830	7303	7256	7217	7152	6565	5834	4404	2687	1595	1060	907	815	714	728	803	809	836	797	809	801	813	816	803	776																																				
12:30:59	29	4592	4538	4558	4564	4163	4146	3767	3103	2207	1549	1066	843	5986	5789	5629	5680	5653	5118	4540	3260	2731	1711	1236	819	5050	5195	5055	4882	4497	4030	2691	1874	1248	926	830	791	7781	7670	7673	7574	6905	6221	4702	2790	1631	1119	931	827	698	748	796	806	823	805	809	808	794	827	785	785																																				
12:45:59	29.1	4959	4910	4826	4907	4567	4394	3980	3264	2325	1580	1097	870	6439	6158	6175	5967	6126	5465	4958	3545	2881	1818	1257	828	5606	5554	5441	5181	4941	4367	2827	1959	1291	986	860	798	8245	8408	8250	8215	7490	6598	4993	2921	1733	1117	927	816	740	749	807	819	825	810	818	828	839	806	785	769																																				
13:01:00	29	5341	5160	5230	5172	4891	4616	4184	3428	2435	1646	1119	828	6818	6793	6429	6467	6423	5860	5210	3726	2990	1914	1274	837	5931	5837	5823	5662	5316	4690	3193	2062	1349	987	857	784	8777	8899	8734	8656	8152	7135	5347	3168	1751	1159	931	819	722	727	817	800	820	793	802	810	821	793	810	791																																				
13:16:02	29	5607	5487	5410	5370	5446	4927	4484	3584	2560	1724	1156	861	7187	6962	6927	6728	6776	6131	5473	3943	3205	2023	1270	844	6302	6177	6054	6083	5828	4962	3305	2200	1368	1012	879	818	9373	9468	9365	9141	8647	7505	5606	3384	1859	1184	927	829	731	731	772	793	816	805	817	831	816	798	812	813																																				
13:31:02	29	6166	5892	5854	5787	5398	5305	4803	3833	2666	1760	1162	841	7485	7382	7273	7307	7195	6649	5719	4126	3309	2041	1339	840	6598	6541	6457	6399	6017	5290	3513	2336	1392	1032	890	802	10198	10103	10039	9783	9256	7944	5864	3331	1864	1191	941	846	709	742	813	821	809	809	814	802	789	810	777	816																																				
13:46:03	29.1	6274	6404	6313	6274	5841	5571	4999	4021	2764	1764	1168	875	8197	8131	7916	7830	7738	6987	6366	4349	3425	2124	1365	865	7096	6984	6880	6794	6496	5665	3695	2394	1437	1003	877	797	10767	10869	10498	10255	9648	8293	6045	3495	1951	1198	950	833	719	726	821	832	844	797	798	817	818	846	813	783																																				
14:01:04	29.1	6877	6742	6757	6644	6137	5849	5242	4114	2888	1872	1189	902	8875	8795	8299	8414	8214	7436	6543	4710	3648	2225	1423	862	7584	7610	7351	7372	6818	5953	3953	2486	1474	1028	879	832	11439	11377	10960	10733	9711	8376	6173	3584	2013	1172	965	862	744	735	807	807	812	781	796	811	845	833	810	802																																				
14:16:05	29	7296	6844	6931	7001	6518	5988	5520	4276	2966	1857	1207	870	9301	9278	8975	8868	8450	7803	6936	4796	3767	2278	1466	861	8016	7939	7917	7646	7197	6268	4135	2598	1507	1045	915	825	11868	11555	11272	10781	10058	8621	6242	3688	1982	1204	952	839	715	737	804	804	801	803	812	792	833	811	824	802																																				
14:31:07	29.1	7633	7184	7150	7076	6830	6341	5743	4457	3071	1910	1224	903	9859	9848	9341	9382	8960	8241	7318	5072	3997	2321	1464	882	8455	8258	7933	7832	7251	6200	4158	2575	1506	1053	889	839	11973	11536	11471	10993	10059	8734	6287	3663	2001	1205	992	858	733	750	811	820	822	823	805	811	817	796	798	788																																				
14:46:07	29	7913	7671	7659	7311	7294	6678	5934	4769	3209	1987	1267	879	10477	10442	9926	9762	9456	8677	7621	5389	4105	2462	1462	880	8583	8409	8138	7962	7325	6321	4359	2564	1533	1039	897	865	12131	11928	11395	10932	10298	8836	6423	3712	1952	1221	966	847	710	705	789	799	817	807	817	818	792	812	792	788																																				
15:01:07	29.1	8042	8299	8172	7903	7644	7278	6401	5082	3309	2010	1267	887	10994	11015	10230	10469	10043	9307	8128	5705	4288	2554	1528	911	8890	8653	8264	8090	7376	6422	4323	2655	1515	1079	887	831	12317	12121	11690	10999	10372	9000	6460	3809	2054	1231	968	865	733	749	814	828	810	812	809	802	806	820	798	816																																				
15:16:08	29.1	8538	8755	8599	8300	8150	7607	6701	5246	3460	2107	1279	894	11644	11564	11117	10997	10648	9823	8343	6131	4448	2581	1585	910	9011	8760	8406	8074	7441	6395	4396	2654	1547	1046	902	842	12380	12184	11852	11490	10686	9022	6510	3824	2003	1239	968	857	725	741	788	792	814	789	797	803	800	820	803	780																																				
15:31:10	29.1	8959	9123	8917	8679	8408	7821	6955	5427	3478	2108	1317	939	12213	12430	11618	11852	11249	10293	9078	6288	4693	2718	1597	910	9062	8857	8525	8265	7621	6371	4422	2696	1537	1065	900	832	12769	12366	12018	11555	10628	9174	6662	3883	2002	1207	976	871	722	717	812	814	818	812	799	805	802	794	781	788																																				
15:46:11	29.1	9350	9552	9247	8937	8500	7920	7018	5471	3546	2077	1290	906	13046	13053	12213	12416	11795	10999	9411	6766	4789	2763	1586	899	9217	9049	8628	8405	7823	6540	4431	2733	1541	1059	897	840	12893	12542	12305	11738	10929	9365	6809	3894	1983	1252	949	891	720	749	808	812	810	820	789	809	818	815	800	778																																				
16:01:11	29	9817	9564	9293	8917	8557	7991	7055	5525	3503	2098	1319	913	13512	13776	12605	12494	12138	11090	9603	6809	4850	2777	1664	903	9363	9180	8813	8440	7898	6734	4577	2722	1596	1085	899	864	13168	12849	12515	11865	10996	9473	6832	3930	2051	1237	971	864	726	752	805	795	818	812	818	818	826	813	791	809																																				
16:16:12	29.1	9842	9661	9252	8901	8628	8122	6957	5475	3520	2129	1310	944	14133	14078	12943	12529	12065	11215	9659	6989	4880	2776	1632	928	9415	9353	8977	8663	7908	6843	4672	2793	1564	1075	904	860	13319	12895	12706	12195	11264	9509	6986	3948	2042	1218	991	856	728	732	798	793	803	828	822	800	815	836	795	797																																				
16:31:13	29	9888	9714	9372	8958	8535	8087	7119	5442	3606	2110	1322	917	14569	13902	12981	12869	12235	11369	9752	6979	4925	2849	1642	922	9673	9527	8978	8742	8135	6961	4709	2781	1545	1065	919	837	13723	13240	12905	12614	11427	9761	7149	4043	2081	1239	981	887	738	751	794	814	847	795	807	815	789	817	804	816																																				
16:46:14	29	9914	9657	9268	8943	8606	8068	7033	5401	3495	2101	1320	947	14541	13911	13084	12847	12438	11399	9832	7012	4938	2859	1630	920	9763	9659	9266	9075	8193	7066	4806	2814	1570	1098	907	885	13958	13610	13366	12666	11588	9805	7193	4038	2115	1226	998	844	717	712	805	811	801	818	822	823	804	815	805	796																																				
17:01:15	29.1	9938	9646	9316	9066	8491	7967	6884	5436	3478	2081	1329	954	14781	14180	13135	12918	12572	11495	9788	7048	4838	2793	1648	942	10153	9889	9425	8950	8263	7155	4747	2843	1617	1057	923	890	14143	13750	13318	12873	11661	9895	7363	4094	2095	1232	975	885	724	701	810	814	806	816	797	800	824	813	807	801																																				
17:16:16	29	9990	9637	9262	8949	8567	8083	6972	5439	3510	2061	1344	920	14489	14090	12965	12812	12598	11391	9829	6974	4805	2819	1648	936	10237	9817	9629	9196	8322	7115	4838	2904	1577	1096	905	841	14437	13906	13509	13064	11748	10092	7391	4055	2076	1247	999	883	722	717	805	802	817	807	811	799	820	809	789	767																																				
17:31:16	29.1	9893	9682	9278	9029	8512	8022	7021	5444	3508	2068	1313	940	14635	14163	13008	12920	12583	11591	9811	7078	4867	2835	1656	921	10363	10036	9736	9284	8499	7320	4959	2870	1582	1073	902	872	14566	14004	13790	13154	11845	10167	7487	4194	2145	1235	985	893	734	717	826	835	822	803	804	805	813	821	800	760																																				
17:46:18	29	9877	9672	9471	9066	8613	8122	6985	5371	3420	2053	1310	929	14438	14222	13224	13129	12727	11573	9809	7059	4850	2751	1649	935	10564	10307	9782	9494	8540	7360	4996	2905	1606	1076	908	846	15008	14382	13932	13528	12156	10527	7652	4161	2097	1277	1020	879	702	747	813	816	795	821	832	816	809	795	811	778																																				
18:01:18	29	9855	9666	9423	9006	8492	8089	7066	5311	3443	2017	1307	940	14606	14017	13218	13078	12640	11611	9879	7019	4804	2776	1630	923	10663	10249	10077	9584	8599	7379	5121	2940	1577	1096	907	850	15302	14444	14319	13574	12396	10536	7796	4264	2136	1245	977	866	712	728	804	823	816	817	804	798	807	810	767	820																																				
18:16:19	29	9850	9809	9351	9130	8644	8005	6952	5337	3475	2047	1297	934	14690	14106	13079	13039	12819	11639	9753	6984	4751	2817	1600	938	10755	10452	10137	9585	8578	7429	5091	2968	1654	1090	937	890	15299	14813	14370	14050	12439	10798	7921	4329	2106	1261	985	882	718	740	806	805	818	795	827	858	806	822	783	797																																				
18:31:20	29	10121	9793	9468	9393	8677	8111	7097	5436	3469	2036	1342	953	14965	14272	13429	13153	13009	11857	9942	7095	4848	2752	1621	927	11002	10704	10437	10023	8773	7699	5300	3009	1586	1073	934	887	15977	15055	14905	14429	12859	10949	8025	4445	2177	1252	996	868	733	723	797	782	800	776	792	838	797	811	785	815																																				
18:46:21	29	10146	9718	9388	9219	8692	8109	7128	5429	3442	2093	1326	949	14983	14465	13393	13131	12931	11785	9834	7090	4757	2716	1614	965	11249	10812	10553	10053	9010	7737	5387	2961	1632	1118	928	859	16028	15458	15060	14520	13179	11200	7983	4478	2127	1237	993	860	745	733	815	818	805	801	799	815	811	818	799	792																																				
19:01:23	29.1	10174	9840	9424	9330	8649	8164	7113	5500	3419	2062	1288	924	15120	14435	13411	13233	13047	11776	9947	7162	4764	2812	1624	931	11421	10990	10652	10183	9091	7783	5408	3050	1636	1102	935	854	16352	15564	15230	14700	13366	11346	8100	4517	2174	1266	1027	897	719	736	773	794	811	819	815	805	798	827	796	805																																				
19:16:23	29	10145	9841	9686	9455	8777	8274	7210	5472	3486	2078	1319	954	15296	14617	13539	13384	13125	12096	10020	7183	4776	2732	1632	950	11556	11255	10932	10282	9269	7811	5447	3108	1660	1116	962	865	16505	15914	15607	14914	13627	11511	8189	4594	2155	1277	1008	907	727	714	790	824	792	811	847	810	806	810	790	785																																				
19:31:24	29	10343	9948	9519	9452	8813	8158	7183	5537	3491	2067	1344	930	15232	14621	13416	13509	13243	11833	10037	7165	4707	2796	1618	939	11754	11394	11036	10425	9285	7861	5569	3164	1655	1101	956	887	16649	15905	15658	14814	13868	11658	8189	4674	2192	1272	1017	918	728	735	815	815	829	816	789	812	789	824	778	813																																				
19:46:25	29	10353	9933	9689	9557	8958	8293	7268	5562	3440	2059	1316	957	15496	14787	13514	13552	13307	12234	10047	7239	4741	2733	1623	951	12070	11574	11142	10770	9291	8017	5633	3170	1637	1099	922	888	17065	16410	16050	15094	13933	11840	8383	4700	2182	1298	1022	884	729	768	814	828	823	810	828	839	809	827	802	782																																				
20:01:25	29.1	10505	10016	9726	9494	9086	8343	7471	5528	3493	2063	1339	955	15481	14777	13513	13365	13398	12108	10168	7217	4772	2769	1617	922	12124	11709	11478	10823	9566	8050	5672	3178	1671	1112	979	879	17349	16470	16525	15457	14301	12091	8527	4791	2238	1276	998	895	716	705	798	788	809	804	822	816	796	826	796	810																																				
20:16:26	29	10392	9980	9683	9570	9132	8452	7510	5651	3530	2073	1312	953	15440	14879	13739	13464	13507	12238	10209	7269	4782	2777	1623	947	12379	11860	11731	11002	9594	8206	5743	3221	1704	1114	954	902	17445	16631	16571	15719	14579	12192	8515	4741	2244	1289	1042	911	731	722	793	819	835	791	812	807	818	820	789	817																																				
20:31:27	29.1	10503	10138	10024	9743	9256	8576	7556	5721	3507	2066	1360	939	15681	15115	14077	13606	13786	12271	10502	7299	4774	2799	1663	943	12627	12045	11689	11171	9632	8338	5877	3234	1680	1112	960	902	17880	16833	16933	15863	14610	12520	8724	4877	2263	1323	1018	920	724	720	789	816	828	787	806	830	829	826	819	794																																				
20:46:28	29.1	10588	10273	10053	9828	9318	8562	7589	5630	3529	2102	1340	932	15755	15230	13758	13870	13804	12490	10550	7457	4763	2810	1601	930	12740	12109	11825	11216	9712	8398	5872	3257	1678	1126	938	874	17911	17007	17048	15945	14533	12455	8746	4852	2206	1312	1017	868	705	733	797	803	808	798	810	805	819	823	810	790																																				
21:01:29	29.1	10653	10300	10188	10003	9515	8804	7655	5805	3547	2110	1305	960	15776	15029	13851	14062	14190	12673	10647	7505	4812	2790	1636	958	12762	12221	11813	11275	9757	8435	5920	3281	1713	1098	964	892	18080	17252	17259	16075	14827	12679	8829	4910	2275	1286	1011	886	737	741	793	844	803	814	797	801	798	801	772	777																																				
21:16:31	29	10692	10457	10339	10055	9554	8754	7689	5729	3471	2066	1313	957	16006	15077	14025	14095	14184	12704	10677	7517	4796	2837	1657	930	12741	12284	11969	11272	9873	8487	6031	3330	1725	1129	965	921	18165	17367	17298	16136	14982	12738	8844	4918	2276	1310	1005	911	729	733	800	799	820	828	822	807	814	814	788	791																																				
21:31:32	29.1	10851	10629	10522	10133	9845	8861	7768	5834	3550	2101	1314	954	16240	15360	14088	14462	14415	12917	11073	7676	4832	2843	1674	944	13184	12401	12196	11640	10189	8683	6068	3395	1714	1136	972	924	18549	17717	17797	16463	15457	13128	9052	4989	2307	1289	1056	912	727	736	817	806	789	791	820	824	827	813	802	764																																				
21:46:32	29	10881	10955	10585	10340	9780	9090	8005	5871	3531	2084	1325	956	16375	15499	14197	14368	14654	13103	11058	7734	4840	2846	1643	948	13281	12442	12092	11541	10145	8800	6159	3372	1697	1111	969	892	18693	17788	18016	16592	15374	13196	9065	4964	2302	1316	1032	920	716	739	790	810	823	798	801	826	823	798	817	770																																				
22:01:33	29	11084	10915	10847	10528	10004	9286	8009	5831	3584	2135	1373	960	16559	15643	14395	14575	14824	13265	11292	7723	4930	2830	1664	958	13526	12558	12488	11629	10251	8663	6110	3386	1691	1111	932	889	18942	18015	18168	16823	15710	13425	9263	5151	2275	1309	1022	897	724	731	801	815	803	814	817	802	798	823	791	787																																				
22:16:33	29.1	11130	10952	10814	10595	9942	9193	7938	5954	3611	2139	1375	973	16488	15778	14646	14663	15179	13314	11445	7824	4947	2822	1657	949	13501	12672	12420	11622	10316	8925	6216	3419	1718	1139	938	890	18807	18029	18063	17062	15765	13295	9270	5099	2290	1289	1037	885	739	754	792	823	822	805	811	787	806	806	792	782																																				
22:31:34	29.1	11099	11110	11081	10794	10046	9284	8155	5952	3581	2093	1350	954	16875	15963	14644	14948	15291	13719	11571	8015	4929	2872	1659	940	13718	12920	12670	12072	10618	9078	6421	3482	1715	1141	942	893	19250	18444	18434	17606	16163	13832	9468	5147	2359	1334	1014	904	726	728	806	826	835	788	800	797	807	834	797	758																																				
22:46:35	29.1	11357	11284	11193	10962	10232	9390	8295	5975	3643	2135	1361	946	17294	16095	14770	15149	15438	13686	11729	8154	5002	2873	1680	955	13747	12996	12694	12142	10579	9167	6341	3473	1736	1117	972	906	19255	18498	18603	17489	16280	13745	9453	5198	2323	1340	1021	890	733	730	784	810	778	802	806	810	793	815	780	782																																				
23:01:36	29.1	11441	11296	10974	10638	10183	9353	8026	5904	3618	2115	1340	987	17030	16211	14791	14773	15224	13573	11279	8001	5018	2900	1652	937	14072	13380	12909	12171	11209	9563	6555	3615	1782	1145	957	908	19924	19825	18770	18067	16499	14237	9925	5448	2417	1351	1049	938	719	733	804	803	826	807	797	794	812	821	800	794																																				
23:16:38	29.1	11819	11697	11520	11102	10506	9496	8398	6101	3697	2112	1348	976	17775	16647	15330	15552	15983	14085	11923	8475	5058	2906	1730	958	13918	13208	12947	12458	10794	9396	6505	3539	1743	1169	955	885	19784	18839	19188	18178	16838	14053	9810	5290	2344	1346	1036	898	733	738	775	800	823	811	800	832	812	797	809	774																																				
23:31:38	29.1	11924	11636	11546	11318	10600	9633	8498	6136	3644	2114	1371	985	18292	16921	15449	15626	16248	14298	11976	8430	5085	2927	1711	965	13962	13333	13370	12452	10831	9500	6521	3550	1738	1130	992	887	19637	19307	19240	18282	16773	14141	9741	5409	2411	1334	1025	894	744	738	809	795	822	809	799	813	799	818	801	773																																				
23:46:39	29.1	12174	12006	11804	11582	10750	9748	8675	6168	3654	2104	1418	995	18317	17097	15592	16030	16451	14648	12285	8640	5154	2981	1745	973	14315	13530	13502	12699	11264	9645	6615	3574	1720	1142	966	914	20141	19592	19567	18632	17306	14453	9951	5443	2350	1341	1057	905	708	752	796	798	815	815	822	805	811	818	781	794																																				
24:01:40	29	12153	12077	11751	11471	10901	9852	8696	6244	3649	2110	1373	960	18508	17227	15538	15895	16646	14785	12413	8660	5111	2986	1712	954	14350	13636	13367	12668	11099	9634	6633	3597	1749	1119	941	904	20295	19623	19477	18717	17230	14617	10064	5423	2380	1355	1033	915	720	740	790	815	800	781	808	794	802	795	794	803																																				
