orf	gene	chromo	numbAcross	type	GFP_LOD	GFP_effect	GFP_maxPOS	GFP_leftPOS	GFP_rightPOS	mCH_LOD	mCH_effect	mCH_maxPOS	mCH_leftPOS	mCH_rightPOS
YGL055W	OLE1	1	2	gfp	32.6275	-0.285835835568403	43500	0	56150	1.4925	-0.0468191541139484	43500	0	56150
YGL055W	OLE1	10	1	gfp	3.49	0.0650795235006076	700200	641900	741700	0.14	0.0178652381611903	700200	641900	741700
YGL055W	OLE1	11	1	together	15.5	-0.127433262863985	325400	299800	350100	4.395	-0.0674490094099422	442800	346600	465000
YGL055W	OLE1	11	1	gfp	16.285	-0.1676280133192	411000	390500	434200	3.565	-0.076102858382889	411000	390500	434200
YGL055W	OLE1	12	2	together	67.9725	-0.315607793428334	655100	636350	682250	16.4	-0.177587083427995	681850	654550	711200
YGL055W	OLE1	13	2	oposite	4.8175	0.0904799334868153	62600	0	110050	3.26	-0.066674169395187	47300	0	87100
YGL055W	OLE1	13	2	gfp	4.22	-0.0703543149411031	389650	344900	466750	0.71	0.0133222123767595	389650	344900	466750
YGL055W	OLE1	14	2	mch	0.2875	-0.0097700533390221	NA	445950	490550	25.3425	0.205207101346794	465450	445950	490550
YGL055W	OLE1	15	2	gfp	5.8275	-0.0874340043803269	571950	516150	646950	1.585	0.0350796575418952	571950	516150	646950
