orf	gene	chromo	numbAcross	type	GFP_LOD	GFP_effect	GFP_maxPOS	GFP_leftPOS	GFP_rightPOS	mCH_LOD	mCH_effect	mCH_maxPOS	mCH_leftPOS	mCH_rightPOS
YJR048W	CYC1	2	2	mch	0.3025	0.0137513197406535	228800	501350	674400	3.1475	-0.0677787741882717	620700	501350	674400
YJR048W	CYC1	4	1	mch	2.605	-0.0590651827801897	228800	156400	321800	3.565	-0.0747539360866605	228800	156400	321800
YJR048W	CYC1	5	2	gfp	7.1725	-0.107819666662278	397450	360250	479700	1.88	-0.0325901969793389	397450	360250	479700
YJR048W	CYC1	11	2	together	7.7675	-0.0973220142793763	189300	137600	263900	5.795	-0.0915119526408423	253300	159500	307000
YJR048W	CYC1	12	2	together	308.795	-0.929638702983122	661850	653200	670400	150.095	-0.534789679144888	669250	653000	680250
YJR048W	CYC1	13	2	oposite_mch	4.435	0.0772037693092868	228800	0	85500	6.9425	-0.101586074401499	59050	0	85500
YJR048W	CYC1	13	2	together	10.4125	0.13447999623811	369050	312250	430000	3.665	0.0628154165384753	363400	288900	430200
YJR048W	CYC1	14	2	mch	1.6075	0.0558681501028388	228800	443150	485250	38.7475	0.273541975174427	464050	443150	485250
YJR048W	CYC1	15	2	together	12.26	-0.141655979245521	139800	110250	172000	3.24	-0.06045977893382	151900	0	229900
