Time	T° eGFP:488,520	A1	A2	A3	A4	A5	A6	A7	A8	A9	A10	A11	A12	B1	B2	B3	B4	B5	B6	B7	B8	B9	B10	B11	B12	C1	C2	C3	C4	C5	C6	C7	C8	C9	C10	C11	C12	D1	D2	D3	D4	D5	D6	D7	D8	D9	D10	D11	D12	E1	E2	E3	E4	E5	E6	E7	E8	E9	E10	E11	E12	F1	F2	F3	F4	F5	F6	F7	F8	F9	F10	F11	F12	G1	G2	G3	G4	G5	G6	G7	G8	G9	G10	G11	G12	H1	H2	H3	H4	H5	H6	H7	H8	H9	H10	H11	H12
0:00:11	27	787	823	868	858	828	787	789	862	801	865	937	895	876	821	916	915	1007	894	887	865	940	901	914	853	873	970	835	845	878	802	792	908	858	832	824	781	822	834	893	852	843	806	811	818	840	827	823	894	1208	5936	2057	1580	1326	4274	2910	1675	1704	2480	1787	1020	2397	5289	3357	3507	1457	1152	5645	1201	4882	2832	1818	987	1434	1157	890	817	1444	1341	1269	1657	2784	2703	2750	2217	1002	920	914	782	1035	854	903	859	851	832	826	864
0:16:15	29	775	864	846	870	823	799	765	834	772	877	917	896	825	843	875	914	964	895	890	838	937	921	903	837	859	979	841	827	849	849	795	876	817	832	832	770	818	801	871	801	848	819	792	798	822	794	789	861	1388	3901	2496	1861	1540	3555	3434	2021	1981	3009	2158	1134	2882	3829	4157	4391	1867	1517	3500	1430	5477	2248	2047	1144	1633	1138	905	827	1610	1496	1352	2097	2334	3149	3235	2257	1141	1004	944	812	1140	872	954	878	819	799	832	811
0:32:18	29	793	819	829	845	799	775	770	854	798	838	943	857	821	866	897	892	993	888	881	859	924	857	885	820	832	974	823	854	852	824	823	893	841	849	831	794	796	827	881	787	859	819	797	814	836	800	794	865	1523	4053	2797	2110	1691	3760	3757	2285	2150	3503	2461	1241	3280	4130	4813	5185	2155	1653	3666	1572	6328	2318	2248	1168	1826	1176	868	805	1784	1622	1490	2342	2313	3725	3761	2434	1212	999	982	819	1208	912	941	891	798	802	851	818
0:48:22	29	780	827	861	847	837	800	747	857	789	879	917	905	798	839	906	882	984	891	922	856	910	875	901	813	845	1011	832	829	828	829	784	914	831	818	796	774	855	824	865	778	869	807	810	774	823	792	811	882	1602	4336	2966	2277	1774	3738	3997	2454	2267	3734	2654	1288	3398	4080	5207	5519	2311	1786	3719	1644	6483	2361	2368	1224	1905	1191	894	806	1843	1732	1562	2574	2110	4072	4037	2250	1227	1039	1001	795	1213	896	986	894	810	802	828	823
1:04:25	29	806	838	839	845	816	800	777	839	790	845	941	893	809	833	870	869	997	882	866	841	901	865	885	831	857	963	835	826	837	820	793	848	828	829	832	783	828	830	851	802	844	784	797	780	816	826	784	872	1732	4404	3152	2520	1887	3866	4160	2621	2460	3968	2805	1310	3632	4184	5687	5896	2467	1812	3655	1695	6892	2440	2549	1260	2007	1309	933	798	1914	1849	1657	2779	1997	4392	4425	2235	1201	1028	1009	799	1246	915	1008	900	827	794	816	824
1:20:29	29	788	815	828	859	790	779	776	867	786	897	910	862	806	845	857	897	999	889	896	846	916	890	918	816	844	947	810	844	834	799	798	892	844	826	805	789	826	803	852	800	836	778	771	794	801	792	785	865	1762	4556	3274	2693	1940	3962	4333	2730	2583	4197	2953	1350	3919	4259	6031	6254	2555	1890	3786	1747	7459	2536	2668	1296	2106	1326	916	803	2019	1861	1732	2906	2054	4725	4701	2426	1226	1008	1024	781	1264	917	1006	896	810	805	801	794
1:36:32	29	776	816	836	851	824	796	772	824	788	887	912	881	808	818	871	886	1008	913	892	826	902	857	877	811	824	974	842	837	832	809	825	854	829	810	818	770	813	843	865	773	834	761	780	793	829	790	770	873	1853	4627	3402	2887	2057	4044	4583	2871	2749	4612	3186	1393	4105	4324	6461	6792	2706	1985	3877	1818	8037	2643	2790	1334	2229	1344	942	780	2095	1947	1791	3110	2032	5089	4986	2425	1268	1049	1048	800	1281	956	1027	901	812	800	782	799
1:52:35	29	765	837	853	834	822	773	774	846	788	921	922	873	803	830	869	880	974	882	879	836	899	890	910	815	817	996	840	836	846	798	789	872	852	846	830	748	796	825	848	780	864	784	781	807	816	782	794	869	1943	4865	3644	3038	2195	4263	4758	3122	2887	4907	3372	1440	4324	4560	6793	7159	2862	2100	4017	1921	8737	2712	3020	1400	2367	1404	948	793	2236	2102	1890	3230	2138	5403	5339	2512	1279	1032	1030	798	1267	916	1030	911	813	832	811	813
2:08:39	29.1	801	816	847	855	827	788	758	842	774	920	919	868	821	846	865	880	1006	897	866	850	903	892	898	793	845	958	837	831	840	809	795	859	846	812	807	764	811	806	857	777	836	785	778	792	831	780	768	859	2059	5058	3923	3257	2307	4338	5128	3300	3111	5283	3629	1525	4668	4849	7402	7772	3006	2243	4254	2051	9358	2970	3208	1467	2561	1446	949	800	2363	2203	2038	3406	2209	5790	5570	2773	1252	1066	1024	779	1297	935	1023	934	806	783	829	787
2:24:42	29	764	841	829	831	821	793	787	826	784	966	934	882	796	839	877	893	986	904	887	849	908	898	887	797	826	960	821	836	824	811	776	875	805	822	800	772	832	834	863	810	871	790	811	784	828	798	804	871	2174	5434	4084	3515	2457	4595	5506	3603	3244	5755	3812	1627	4953	4964	7991	8366	3144	2291	4527	2180	10402	3098	3395	1513	2730	1568	978	813	2523	2371	2113	3584	2504	6260	5872	2992	1277	1053	1028	792	1348	949	1044	931	802	790	803	825
2:40:45	29	785	795	830	882	832	773	768	846	788	1010	890	862	833	812	868	893	995	867	865	839	937	876	872	824	824	990	796	829	817	812	797	863	841	780	793	770	820	815	858	780	827	793	773	796	819	755	772	874	2392	5718	4415	3791	2608	4971	5872	3872	3499	6348	4021	1693	5387	5457	8820	9149	3305	2427	4753	2299	11556	3349	3592	1649	2970	1619	1019	785	2670	2503	2243	3770	2652	6578	6128	3204	1303	1069	1036	795	1295	924	1064	921	812	792	800	814
2:56:49	29.1	778	834	815	840	833	783	789	849	775	1025	906	880	806	820	876	912	987	868	862	812	884	874	920	813	828	1005	821	828	807	815	791	864	829	806	802	768	816	806	866	822	852	806	802	789	827	778	804	843	2562	6133	4667	4143	2742	5186	6336	4112	3725	6892	4306	1792	5811	5828	9684	10073	3409	2553	5206	2478	12450	3521	3804	1693	3232	1716	1003	813	2780	2561	2352	3972	2850	6902	6274	3383	1361	1079	1074	772	1337	964	1046	940	809	787	813	790
3:12:52	29	783	828	868	835	845	771	774	831	766	1060	934	879	803	838	869	896	1000	854	865	843	895	874	896	810	833	980	825	842	817	816	774	896	814	815	828	767	829	812	866	787	845	780	792	791	843	803	784	860	2719	6588	5022	4362	2962	5544	6908	4451	3943	7709	4625	1932	6288	6285	10642	10851	3682	2734	5677	2524	13242	3764	4073	1789	3437	1840	1015	799	2990	2698	2456	4124	3680	7298	6849	3948	1366	1061	1083	791	1340	979	1058	972	799	773	799	826
3:28:56	29	766	838	853	838	805	772	788	856	780	1087	923	891	814	853	855	909	1002	879	900	804	887	853	899	817	827	956	813	807	809	812	805	879	842	824	811	766	838	829	863	795	856	799	802	816	821	804	817	883	2959	6932	5510	4720	3109	5821	7675	4747	4132	8407	4924	1982	6643	6667	11596	11561	3878	2838	6095	2729	14047	3963	4386	1907	3583	1944	1056	817	3111	2809	2479	4316	4212	7824	7326	4238	1414	1093	1098	782	1352	978	1054	966	803	796	797	830
3:44:59	29	788	779	860	843	832	763	754	847	784	1149	939	866	832	817	882	894	1005	880	871	849	900	885	905	834	852	968	806	827	823	800	799	858	835	822	797	772	827	798	855	797	886	781	808	784	818	798	775	855	3188	7733	6022	5100	3348	6305	8391	5192	4399	9271	5443	2153	7285	7084	12605	12542	4079	2946	6408	2855	15372	4275	4862	1991	3911	2097	1063	821	3335	2987	2573	4605	5041	8465	7790	4422	1443	1102	1124	809	1380	983	1100	956	788	823	790	826
4:01:02	29	790	821	871	861	819	758	732	850	778	1189	931	892	811	837	924	905	1044	897	855	841	917	883	893	838	820	990	796	842	826	799	765	888	822	844	793	784	823	818	878	792	875	796	776	768	827	779	808	877	3430	8545	6585	5743	3467	6663	9503	5687	4928	10069	6033	2289	7855	7683	13715	13691	4466	3099	6728	2952	16400	4558	5275	2144	4074	2225	1107	818	3466	3059	2666	4822	5951	9268	8242	4925	1525	1134	1135	764	1426	982	1127	979	778	803	778	814
4:17:06	29	774	793	874	816	827	759	783	858	765	1219	935	869	818	847	879	921	1025	861	869	839	895	866	892	810	841	980	818	821	844	822	788	890	828	823	792	746	828	832	865	794	865	793	775	796	867	781	769	888	3781	9687	7036	6218	3718	7469	10153	6084	5295	10847	6612	2377	8639	8573	15268	15019	4808	3335	7364	3183	17789	4940	5785	2296	4299	2488	1170	815	3691	3184	2846	5403	6888	10033	8254	5350	1617	1163	1177	793	1451	990	1111	952	793	803	788	830
4:33:09	29	773	822	865	875	832	761	802	859	772	1284	946	883	817	839	909	908	1025	888	892	859	911	860	922	808	820	999	818	837	850	801	803	867	836	814	817	795	831	817	869	790	900	767	778	805	829	791	769	882	4059	10430	7530	6727	3944	7869	10839	6656	5946	11336	6710	2542	9267	9368	16929	16825	5190	3571	7864	3319	18766	5233	6008	2379	4564	2677	1213	847	3791	3241	2841	5770	7997	10755	8345	5703	1681	1210	1198	784	1507	1009	1134	1015	821	780	810	806
4:49:12	29.1	770	830	872	849	811	777	754	845	767	1354	944	879	841	820	903	900	1040	877	881	832	881	883	914	798	816	989	811	833	792	788	795	869	830	787	825	785	831	825	843	801	880	796	766	793	824	793	782	875	4539	11220	8187	7506	4198	8827	11620	7277	6462	12275	7242	2752	10208	10268	18963	18165	5801	3751	8743	3556	20683	5717	6303	2529	4904	2821	1238	819	3965	3484	2908	6096	9429	11203	8747	6061	1802	1286	1242	814	1608	973	1188	986	787	813	819	807
5:05:16	29	780	854	896	852	848	759	783	828	770	1402	935	910	839	843	886	888	1036	881	868	833	915	871	918	796	833	998	834	823	848	799	786	850	819	836	808	783	809	823	872	791	876	797	804	770	823	762	798	884	4988	12504	9167	8199	4549	9761	12655	8309	7106	13521	7789	2929	11090	11118	20794	19725	6432	4108	9645	3757	22400	6475	6685	2681	5243	3015	1272	824	4228	3768	3175	6654	10771	11972	9328	6586	1856	1327	1299	779	1670	1021	1198	990	790	793	789	813
5:21:19	29	804	821	894	869	839	780	772	842	779	1507	951	870	817	848	883	908	1051	877	888	830	875	862	873	811	827	998	818	844	828	798	793	876	811	808	806	767	834	811	862	793	891	813	800	777	826	787	791	908	5538	14181	9857	8667	4832	10673	13765	9206	7566	14353	8265	3152	11884	11961	22806	21328	6882	4489	10479	4064	23602	7058	7346	2850	5675	3283	1374	847	4487	4050	3434	6860	11826	12588	10162	7063	1962	1381	1377	787	1735	1052	1223	1030	802	815	796	813
5:37:23	29	773	863	898	848	835	762	757	868	755	1622	952	880	832	859	887	917	1062	900	858	830	893	905	902	842	844	998	834	827	848	784	787	886	841	817	795	783	845	806	881	797	910	788	829	773	847	790	779	902	6349	15951	10780	10291	5323	11590	15375	10648	8210	16123	9084	3494	13100	12843	24447	22671	7407	5056	11106	4481	25129	7993	7800	3168	6240	3433	1457	824	4880	4532	3766	7321	13163	13439	10994	7735	2041	1465	1394	790	1861	1077	1314	993	802	814	809	813
5:53:26	29	789	828	908	854	852	780	791	856	787	1799	972	929	822	875	871	931	1069	874	881	840	901	886	897	816	852	1021	812	829	823	798	800	867	837	816	811	763	855	837	885	803	920	821	787	786	852	761	781	869	7007	17518	11766	11154	5701	12442	16557	11143	8640	17247	9969	3821	14355	14041	26728	24301	7864	5688	12094	4976	27275	8962	8716	3375	6670	3585	1506	831	5291	4971	4101	7788	13939	14009	11858	8430	2171	1527	1443	801	2004	1106	1405	1021	802	787	810	796
6:09:29	29	786	844	929	878	838	765	757	849	782	1891	999	889	827	852	901	941	1073	877	884	870	945	888	916	799	824	1018	824	823	830	810	798	864	857	820	818	780	830	808	883	795	938	794	804	792	845	802	778	922	7954	19195	12553	11821	6310	13508	18009	12156	9655	18523	10675	4205	15372	15203	28972	26492	8664	6152	13326	5502	29238	9683	9645	3706	7489	3695	1609	835	5597	5619	4470	8167	14672	14786	12927	9212	2345	1652	1507	807	2142	1143	1488	1021	798	783	805	813
6:25:33	29	784	822	956	883	858	778	802	880	777	2025	962	932	876	875	884	934	1078	889	891	842	909	887	893	838	851	998	809	827	800	804	771	859	846	813	810	772	858	823	886	785	955	781	793	797	826	787	791	912	8757	20891	14083	12760	6675	14331	19710	13102	10526	20128	11355	4661	16293	16219	31702	28373	9518	6481	14801	6235	31492	10912	10525	4057	8184	4010	1729	865	6111	6214	4987	8653	15938	16459	14003	10250	2578	1765	1504	779	2230	1235	1520	1053	814	807	801	796
6:41:36	29	806	815	953	899	899	769	765	849	761	2103	979	959	862	878	859	955	1081	884	850	829	904	896	914	816	856	993	821	844	801	810	763	874	820	810	793	801	842	852	920	809	974	770	795	782	856	768	774	923	9178	21978	14916	14334	7764	15487	21438	14322	11158	21832	12248	5216	17584	17435	34199	31410	10448	6884	15937	6977	34106	11709	11530	4476	9070	4134	1828	873	6761	6691	5513	9268	16986	17877	15503	10956	2836	1797	1624	792	2372	1255	1590	1076	802	806	795	790
6:57:40	29	800	845	949	870	858	782	764	855	769	2287	986	921	876	880	909	977	1102	902	895	848	903	878	951	802	827	1026	835	839	818	804	795	880	823	818	791	750	868	842	938	798	1015	770	783	799	862	796	790	937	10875	23591	15836	15747	8457	16586	22981	16132	11972	23428	13247	5713	19117	18914	37114	34329	11197	7265	17369	7505	37079	12534	12483	4950	9491	4446	1933	862	7400	7331	5920	10103	18231	19566	16897	12020	3088	1940	1671	801	2492	1317	1667	1125	813	811	830	790
7:13:43	29	793	827	965	860	879	771	790	834	769	2417	985	947	880	887	899	965	1088	908	895	828	924	920	934	803	846	1018	832	814	821	795	792	884	853	815	801	790	858	840	918	799	998	808	805	822	859	816	823	929	11535	25197	17389	17304	9021	18096	24928	17562	12748	25176	14384	6380	19992	20214	39926	38417	11944	7956	18718	7885	40828	13680	13765	5635	10496	4702	2084	881	8294	7548	6487	10927	18875	21427	18372	12952	3200	2000	1669	787	2774	1375	1740	1129	809	800	810	799
7:29:47	29	814	851	996	906	890	787	759	863	778	2411	1009	951	864	896	883	952	1103	929	917	839	935	927	931	851	836	1041	823	833	822	809	809	879	832	809	805	758	868	819	888	799	1016	810	797	778	850	805	795	938	12171	27336	18777	18776	9572	19118	26934	19180	13922	27046	15616	7121	21050	20457	42908	38865	13154	8647	20383	8560	44359	15098	15310	6149	12054	5160	2181	876	8627	7868	6916	12053	20440	23659	19852	13885	3217	2205	1762	797	2994	1448	1845	1171	800	802	803	802
7:45:50	29	812	829	986	918	880	774	785	886	742	2579	1013	950	898	916	858	993	1070	899	889	846	930	892	921	837	825	1054	819	825	823	826	790	896	805	822	814	800	859	850	927	793	1009	778	794	802	864	770	791	978	13579	29047	19706	20621	10640	19535	29382	20351	14944	29936	16976	7633	21429	21243	45604	41732	14279	9764	20784	9396	46228	16612	16680	6806	12812	5683	2272	896	10125	8312	7245	13273	22438	25786	20866	14666	3305	2349	1869	799	3320	1522	1856	1256	801	783	797	794
8:01:54	29	812	828	998	936	897	765	788	887	783	2727	1037	971	899	938	899	964	1073	929	888	858	952	960	927	818	846	1075	810	839	826	794	778	868	825	836	817	781	871	884	921	774	1043	777	779	803	853	783	785	988	15403	30422	20168	22308	11766	19778	31224	21843	16414	31758	18355	8137	22001	21677	49057	38541	15554	10518	20965	10259	48759	18389	17853	7269	13482	6141	2380	907	10811	8811	7674	14365	24460	27165	21014	14779	3789	2595	1938	785	3573	1639	1957	1336	785	792	793	811
8:17:57	29	841	842	1031	948	927	768	763	833	785	2878	1053	976	902	920	901	997	1085	933	906	853	943	925	926	840	828	1054	802	823	798	815	804	884	823	805	797	768	889	832	920	792	1069	774	809	822	878	783	804	973	16743	32329	20651	23404	12587	20709	32230	24013	17561	34635	19360	8625	22588	22546	50333	40797	16819	11443	21387	11281	51563	19906	18516	7616	14538	6663	2456	935	11376	9555	8134	15469	26749	27795	20742	14886	3304	2754	2052	806	3744	1728	2053	1371	788	778	804	808
8:34:00	29	829	820	1046	927	918	776	776	881	773	3045	1064	1023	907	927	886	997	1101	911	908	843	937	959	968	831	854	1064	826	836	835	812	810	881	826	797	800	776	891	854	964	786	1037	766	782	780	897	760	780	982	18841	34039	20849	25577	13560	21064	33612	25963	18735	35129	19748	9422	22905	23040	52039	41519	18306	12504	21870	12198	51981	21017	18715	8229	15987	7404	2565	952	12187	10588	8695	15751	29476	28128	20966	14759	3361	2836	2156	769	3763	1863	2143	1474	802	797	801	803
8:50:04	29	824	832	1023	939	902	784	784	886	791	3192	1069	994	912	942	917	950	1093	945	910	870	953	956	973	817	823	1071	823	816	823	812	806	887	825	807	800	792	904	860	955	792	1047	776	799	806	915	786	790	996	20806	35460	20953	27392	14762	21120	33924	27756	19162	35404	19892	10280	23256	23208	51699	41943	19584	13744	21738	12900	51177	22802	19118	8985	17807	8422	2791	957	13108	11430	9552	16067	32094	28378	20821	14918	3344	2856	2265	788	3912	1968	2283	1528	781	784	791	798
9:06:07	29	836	838	1043	973	931	783	802	891	783	3415	1093	1013	913	949	918	961	1084	901	893	860	937	965	967	843	806	1060	814	828	826	787	781	879	839	809	807	756	913	855	932	805	1050	768	792	798	939	805	781	1013	22886	37783	21252	28915	15713	20944	35295	29877	19602	36138	20657	11197	23004	23452	52023	40725	20207	15032	21770	13986	53427	24214	19198	9904	19813	9285	2837	1006	14496	12422	10522	15910	34304	28357	20744	14858	3379	2904	2353	777	3907	2098	2386	1589	800	794	814	815
9:22:11	29	824	846	1067	981	938	783	784	868	789	3604	1107	1034	898	935	928	955	1085	935	943	870	928	975	955	856	874	1045	824	819	837	818	799	897	835	820	810	761	939	836	955	797	1054	796	798	800	927	802	758	1029	24796	36141	21181	30533	16534	20839	35373	31318	19794	36729	21599	11801	22958	22937	59102	39452	20639	16455	21957	14872	53128	26139	19087	10637	21832	10390	2962	1009	15513	13567	11504	15917	35830	28293	20522	14911	3457	2942	2373	778	3874	2248	2516	1705	789	802	802	818
9:38:14	29	832	843	1041	1007	987	777	770	896	793	3902	1095	1054	919	920	959	966	1074	917	919	863	957	935	977	873	855	1068	810	835	833	796	776	903	823	815	795	750	945	855	987	794	1076	786	791	805	934	817	806	1028	26671	35826	21669	31812	17979	21507	36544	32085	19713	35875	21498	12525	23689	24429	52822	39924	20988	18147	22013	16432	52185	28509	19331	11477	23554	11624	3176	1031	16901	14348	12573	16156	36552	28635	21073	14977	3493	2979	2443	782	3922	2359	2624	1721	779	793	775	796
9:54:18	29	835	854	1076	1038	977	760	778	873	803	4098	1099	1059	909	931	939	966	1094	954	958	883	963	934	994	870	852	1055	822	818	831	786	779	911	834	821	797	770	962	893	1029	792	1078	770	803	824	964	801	805	1048	28254	37855	21482	32524	19247	21303	37154	33228	20028	35599	21550	13497	23781	23538	51245	42241	21427	19453	21882	17416	52829	30206	19754	12214	25315	12743	3448	1075	18385	14697	13794	16120	36521	28548	21072	15261	3386	2983	2426	776	4011	2544	2630	1820	808	779	832	812
10:10:21	29	842	865	1083	1020	1007	798	806	912	771	4294	1122	1053	915	939	974	990	1108	969	965	909	965	960	978	878	850	1073	827	833	831	779	800	890	830	808	817	765	966	865	1013	808	1087	773	778	786	970	777	785	1052	28595	37088	21849	33983	20123	20826	37225	34488	20012	35144	20828	14800	23509	24013	52410	41594	21234	20533	21854	19448	52058	33006	21060	13081	27233	13714	3756	1100	20040	14664	14278	16244	37086	28991	21607	15565	3392	3016	2427	783	4042	2861	2696	1925	814	771	800	811
10:26:25	29	852	873	1104	1019	1004	772	783	888	787	4679	1094	1069	918	911	983	984	1098	988	937	904	991	964	1001	884	846	1066	819	813	817	802	791	928	839	795	818	790	960	892	997	771	1079	786	770	774	990	798	800	1086	29239	38046	21964	34916	20599	20690	37954	33430	20092	35291	20466	15983	23938	24208	53269	41348	21184	20958	21580	20171	53315	34724	20195	14370	27618	15564	4002	1139	21469	14920	14497	16374	37357	29299	21557	15384	3450	3033	2497	775	3995	3091	2787	2007	819	809	818	795
10:42:28	29	843	896	1097	1022	1016	774	780	929	775	4938	1133	1088	926	929	962	997	1056	987	992	888	1001	956	996	897	848	1077	849	837	834	812	800	918	824	796	796	773	1000	903	1035	817	1064	798	809	772	1007	788	784	1048	30555	37909	22124	34616	20876	20917	36919	33986	20130	35630	20325	17310	24938	23385	52560	40963	21289	21104	21091	20338	53638	35376	20630	15400	27959	16999	4449	1188	22029	14878	14446	16351	37298	29007	21164	15544	3489	3050	2524	770	4091	3229	2798	2099	799	810	808	815
10:58:31	29	898	881	1089	1031	1000	782	786	903	779	5216	1099	1087	894	938	951	979	1097	979	927	902	989	970	1000	899	857	1108	815	841	817	815	784	922	841	821	804	782	1001	882	1022	787	1060	780	814	768	983	797	771	1062	32233	38118	21953	35166	21335	21295	36870	34786	20168	34600	20312	18721	22788	25766	53780	43159	21494	21227	21220	20815	52481	36307	19816	16822	28015	18060	4800	1245	22489	15020	14550	16447	38123	29158	21598	16401	3547	3059	2482	813	4143	3284	2828	2200	798	812	818	795
11:14:35	29	892	918	1092	1038	1018	779	773	915	768	5535	1146	1090	916	917	1000	988	1088	967	974	934	995	952	997	918	885	1074	829	826	835	787	785	950	849	823	801	782	993	900	1030	788	1071	778	787	805	1006	809	789	1063	34672	37490	21323	36385	20801	20699	35738	35832	20774	34743	20410	19603	23203	25742	52435	43989	21684	21705	20902	20951	51531	37027	20990	18273	28200	19765	5302	1321	22966	15103	14573	16561	38269	29283	22029	16499	3555	3085	2514	807	4148	3376	2823	2337	818	795	809	804
11:30:38	29	891	939	1078	1035	1030	783	797	895	782	5907	1115	1077	891	904	998	997	1093	962	981	904	985	968	981	923	878	1071	828	850	846	790	789	951	830	801	783	802	1014	910	1081	779	1079	797	806	796	1032	817	789	1078	34822	37590	21412	35789	21285	20488	36405	36314	20403	34403	20080	19953	22551	25100	51660	43050	21840	22003	20412	20795	51705	37320	20615	19456	28989	21878	5902	1402	23254	15144	14755	16856	38076	29622	21686	16828	3475	3083	2505	783	4121	3362	2886	2437	807	803	808	801
11:46:42	29	889	922	1062	1066	1042	789	779	918	785	6172	1109	1108	934	920	972	1015	1079	994	986	940	1002	954	1009	938	902	1082	848	827	814	776	785	949	823	810	812	783	1036	925	1031	801	1050	778	794	797	1034	809	794	1095	33897	37190	21067	34512	19834	19669	36645	34300	19903	34878	19725	18231	23552	22841	52365	43344	21361	20753	20035	19650	53626	34513	18987	17945	28261	24452	6464	1431	21723	14157	13805	16059	37076	28232	19584	15771	3560	3040	2472	764	4119	3228	2747	2614	796	807	804	800
12:02:46	29	925	928	1085	1016	1017	787	803	974	782	6693	1129	1134	926	908	969	998	1112	972	977	942	981	985	980	917	890	1087	822	837	812	814	768	982	835	804	818	770	986	945	1065	811	1076	791	778	805	1029	788	790	1079	35880	39432	20913	35833	20804	19934	35810	36183	20157	33977	19704	20447	22542	23260	52631	46731	21664	22016	20052	20871	52795	38160	19411	20539	29699	26647	6853	1526	23013	15315	14880	16725	38700	30611	20657	16713	3500	3051	2537	787	4123	3381	2951	2798	779	806	820	783
12:18:49	29	954	942	1103	1060	1031	777	766	956	783	7075	1148	1078	935	926	1005	964	1082	977	983	927	989	952	1034	897	899	1073	843	845	834	803	816	970	818	793	809	776	1023	940	1074	784	1073	796	809	808	1021	815	807	1103	36192	37365	21383	35997	21192	19631	35570	36050	20359	33886	19389	20895	22027	23034	52688	44030	22044	22309	19430	20773	54933	39968	18364	20442	29861	29458	7435	1643	22735	15225	14763	16833	38951	29680	20392	16732	3429	3108	2527	768	3988	3325	2964	2742	780	790	780	817
12:34:52	29	933	951	1108	1025	1035	780	777	960	793	7470	1141	1103	915	941	966	998	1104	1007	983	962	1013	965	995	920	894	1078	839	853	808	820	804	965	837	819	804	771	1017	961	1086	791	1083	810	800	786	1043	818	791	1104	35646	37665	21155	36714	21048	19344	35522	35616	20090	34629	19612	21007	22531	23608	49756	46698	21657	22314	19381	20881	51109	37832	18236	20710	29958	32089	8700	1737	22858	15238	14898	16626	38764	29160	19867	16741	3485	3092	2549	780	4113	3427	2964	2859	809	786	809	804
12:50:56	29	950	964	1115	1036	1046	798	783	970	782	7855	1147	1111	895	927	961	977	1100	963	965	943	1011	969	970	905	903	1067	815	833	793	807	783	985	833	801	830	783	1045	986	1065	796	1079	798	794	786	1036	816	788	1081	38050	38313	21006	36529	21019	19395	35026	35076	20209	34334	19520	20667	22070	23669	50723	45281	21957	21665	19517	21190	52952	38561	18961	21281	30427	35417	9409	1815	22876	15414	14781	16998	38127	29247	20055	16635	3435	3078	2542	781	4003	3505	3005	2903	787	819	807	823
13:07:00	29	967	998	1091	1051	1030	788	799	994	786	8143	1140	1099	927	944	978	987	1082	988	976	947	1029	967	1012	916	913	1083	817	817	830	810	783	959	844	820	821	789	1030	982	1097	818	1098	796	807	805	1042	800	801	1123	37959	37349	20348	36854	20917	18861	34353	35764	19580	33534	19268	20100	21297	22539	49459	42931	21417	21797	19316	20815	50256	37878	18516	21093	29605	38495	10005	1973	22930	15241	14932	16979	39094	29390	19898	16600	3413	3085	2551	771	3981	3445	2949	2924	785	803	787	788
13:23:03	29	977	972	1098	1029	1050	793	798	1010	784	8411	1138	1085	946	939	1007	993	1096	957	968	958	1023	964	1006	913	925	1058	840	841	852	777	757	969	841	808	795	766	1042	979	1079	810	1099	792	809	795	1043	803	794	1093	38292	36713	20593	36892	20944	18728	34602	37132	19586	33791	19407	19933	21043	23325	50360	43083	21524	21552	19183	20449	52061	37187	18063	21299	29781	40320	10844	2129	22655	15270	14685	16915	39266	29210	19916	16643	3514	3025	2548	797	3991	3481	2974	2949	815	804	809	783
13:39:06	29	978	960	1107	1070	1019	777	812	1006	776	8690	1109	1093	918	943	967	1009	1123	985	963	956	1025	974	996	930	941	1051	829	826	850	813	800	982	856	803	822	765	1032	1028	1089	800	1078	789	806	821	1059	789	814	1111	40803	36784	19521	38230	20905	18906	34247	34727	19042	33506	19181	20210	20686	23609	49235	41287	21325	21478	19014	20492	53813	37954	17829	20970	29903	41504	12236	2223	22778	15279	14969	16770	39432	28994	19293	16415	3420	3028	2558	831	4057	3507	2957	2947	832	800	806	821
13:55:10	29	958	1017	1123	1064	1043	785	778	1022	789	8786	1144	1094	910	927	990	997	1092	986	977	957	1026	988	987	932	954	1054	829	857	831	811	789	965	846	791	801	794	1016	1012	1112	807	1078	772	819	791	1043	800	809	1093	41363	38271	19604	37227	20944	18899	34385	34011	19095	34050	19192	19680	21037	21608	52037	45820	20799	20727	19387	19918	51111	37126	17734	21200	30123	42260	13517	2312	22779	15395	14955	16593	39233	28660	19198	16534	3427	3061	2564	808	4097	3466	2998	2953	793	807	823	804
14:11:13	29.1	990	1027	1091	1041	1052	807	820	1029	793	8633	1155	1091	939	917	1007	1005	1112	997	977	927	1004	987	995	930	932	1081	834	804	833	791	807	985	830	820	811	802	1052	1007	1072	813	1104	805	808	810	1059	793	821	1121	40378	37159	19710	36688	20627	18791	34128	34092	19206	33563	18779	19766	20410	21648	53791	44621	20774	21118	18536	19859	52090	37121	17759	20731	29708	43559	14293	2421	22760	15352	14800	16285	38731	28473	19009	16498	3663	3001	2516	793	4046	3527	3029	2989	794	794	809	795
14:27:17	29	995	1025	1132	1046	1051	818	796	1032	799	8748	1140	1103	926	961	982	1021	1118	991	977	957	1005	970	1012	911	925	1057	835	827	805	828	775	965	848	829	815	782	1035	1021	1088	797	1100	806	806	821	1061	828	807	1102	43467	36610	19519	37520	20443	19002	33147	34139	19106	33893	19002	20241	20509	20751	50991	44506	21039	20622	18929	19451	52792	36786	17000	20544	29961	43507	15612	2425	22690	15759	14743	16361	37705	28359	18784	16590	3509	2994	2492	783	4021	3504	3089	3000	827	777	799	797
14:43:20	29	1011	1001	1094	1086	1038	784	807	1032	767	8676	1124	1109	919	939	1000	988	1106	1000	966	967	1027	1000	1000	912	945	1083	823	830	829	806	802	1001	841	825	814	760	1030	1020	1060	804	1090	772	828	788	1047	818	816	1069	42389	36519	19241	37174	19960	18619	34398	33496	18786	32284	18849	19560	21079	20942	51376	49234	20433	20430	18615	19821	51943	36032	17362	20709	29784	43038	17049	2462	22745	15506	14566	16050	38366	27980	18798	16597	3534	3050	2521	804	4090	3435	3017	2986	811	797	823	812
14:59:24	29	973	1040	1071	1041	1052	810	813	1057	769	8708	1162	1107	943	960	1011	1001	1110	984	983	929	1023	984	987	921	925	1064	814	845	807	804	778	987	846	803	803	759	1026	1029	1109	788	1094	821	817	803	1013	827	813	1101	42050	36794	18882	37632	20093	18552	33347	33772	19051	33392	19031	19739	21184	23276	52703	41838	21079	20376	18985	19501	52828	36889	17440	20452	29792	43593	18212	2581	22743	15330	14609	16450	38343	28302	18394	16428	3742	3115	2544	796	4118	3517	3038	3022	807	789	821	794
15:15:27	29	997	1014	1095	1075	1037	806	824	1055	797	8732	1152	1095	933	948	980	1012	1116	991	958	960	1005	988	994	926	926	1073	815	823	829	812	827	966	838	820	819	793	1055	1030	1097	816	1110	815	825	803	1084	829	833	1126	42112	34942	18811	37528	19831	18188	33671	34231	18580	33341	19203	19529	20643	22126	53109	47008	20416	20443	18440	19591	53426	36499	17387	20440	29751	43367	19865	2654	22147	15146	14411	16282	37117	27720	18251	16425	3711	3102	2471	815	4146	3448	3009	3021	793	799	806	805
15:31:31	29	987	1028	1135	1026	1056	819	813	1070	793	8804	1151	1121	947	969	1012	1008	1127	992	968	966	1003	998	1014	943	932	1092	835	821	834	807	782	976	825	831	803	786	1068	1013	1083	796	1099	782	852	802	1092	825	816	1101	40969	36487	18955	36569	19609	17942	34252	34259	18769	32819	19435	19752	20176	24982	50455	48180	20171	20343	18574	19894	54056	37112	17504	20347	29616	43453	21917	2692	22093	14847	14346	15969	37561	27671	18120	16412	3918	3064	2483	814	4065	3524	3013	3010	804	810	823	819
15:47:34	29	994	1032	1122	1038	1046	811	807	1027	795	8786	1151	1099	942	962	982	986	1096	976	959	945	1016	1003	992	944	960	1134	802	833	842	795	780	983	838	811	808	747	1040	1033	1078	798	1068	787	846	817	1056	852	820	1116	41058	35444	18962	36808	19664	18256	33530	34781	18943	33922	18628	19977	20458	22774	51076	53363	20268	20641	18841	19398	52063	37334	18109	20713	29821	43766	22655	2834	22196	14998	14311	16167	36445	27885	17996	16352	4103	3062	2496	833	4111	3489	3036	3102	808	799	815	827
16:03:38	29	1005	1024	1115	1041	1064	829	825	1074	817	8968	1170	1096	943	977	992	1013	1108	1015	993	962	1026	1026	1002	919	960	1071	824	840	851	768	796	967	845	799	803	766	1052	1034	1119	790	1098	809	854	804	1038	841	829	1150	41747	35576	19024	36337	19553	18198	33565	34330	18825	33243	19349	19905	20631	23058	52716	53381	20209	20532	18318	19562	54344	36724	17722	20410	29527	43123	22304	2895	23068	14904	14099	16068	36892	27696	17889	16392	4315	3162	2485	826	4172	3449	3028	3071	802	807	814	818
16:19:41	29	978	1045	1120	1070	1017	810	796	1072	819	9131	1146	1116	943	934	999	1025	1144	983	1003	971	1013	991	1009	939	971	1085	827	839	827	815	810	999	832	838	812	779	1057	1041	1111	817	1102	792	830	804	1048	846	824	1113	40030	35162	18583	36820	19382	18041	32983	34912	18609	33670	18373	19807	19266	22047	51055	46670	19862	20597	18664	19563	51349	36477	17801	20556	29399	43256	22582	3022	22386	15085	14174	16023	37120	27831	17690	16308	3858	3059	2510	813	4166	3548	2999	3091	781	801	828	820
16:35:45	29	987	1037	1122	1061	1052	864	841	1050	811	9319	1155	1107	940	962	1045	1024	1147	1022	1000	937	1037	1006	997	946	964	1087	836	839	852	827	812	972	840	808	816	775	1055	1036	1108	803	1111	799	836	824	1036	833	874	1146	39927	34981	18916	36724	19225	18280	33108	34788	19393	34113	19228	20356	19889	23048	52839	48187	20079	20136	18870	19623	52791	37034	18126	20826	29806	43606	22855	3274	22181	15213	14131	16017	36735	27840	17724	16187	3843	3111	2471	810	4146	3575	3009	3071	825	795	805	825
16:51:48	29	998	1024	1145	1090	1047	830	840	1054	801	9249	1164	1124	959	986	977	1036	1119	992	980	953	1052	988	1016	935	969	1084	810	842	846	803	788	1004	846	792	787	761	1035	1049	1094	814	1093	803	866	790	1060	816	865	1131	41469	36895	18809	36833	19185	17844	34262	35060	19369	34641	18578	20753	20107	21373	53338	52869	20534	20485	18429	19701	53547	37258	17319	20798	29801	43880	23262	3441	21804	15153	14124	16211	36694	28052	17577	16215	3841	3216	2503	812	4204	3647	2986	3098	786	790	797	805
17:07:52	29	1002	1061	1110	1057	1071	814	833	1059	831	9528	1194	1124	941	963	1022	1031	1146	986	1014	964	1041	1010	1026	968	952	1095	842	829	832	814	791	973	823	824	815	773	1050	1038	1092	815	1098	820	858	812	1060	834	854	1134	41925	36381	19250	36696	19243	18035	35668	35438	18898	33436	19660	19705	19374	21744	52046	46947	20449	20534	18643	19134	55194	37659	17192	20414	29784	43382	22920	3774	21808	15244	14164	16289	37117	27923	17298	16182	3833	3141	2471	812	4210	3632	3014	3095	820	782	813	808
17:23:55	29	1039	1048	1099	1081	1064	844	858	1092	812	9445	1140	1132	958	961	1008	1014	1106	1044	1015	952	1032	1043	1016	934	969	1102	830	802	833	826	809	1006	829	825	800	761	1032	1032	1096	816	1115	801	896	835	1078	865	871	1147	43895	36835	18622	36631	19187	17771	32493	35315	19193	32257	18104	19928	20260	20872	51401	48142	20791	20916	19136	20233	54441	37241	17429	21302	28921	43404	22961	4158	21600	14828	14143	16302	36490	27942	17023	15961	3977	3158	2463	815	4135	3611	2994	3095	830	793	776	822
17:39:59	29	1024	1026	1137	1064	1039	859	838	1047	814	9729	1154	1114	969	980	984	1012	1102	990	980	996	1035	1033	1025	937	932	1111	809	831	848	794	789	998	825	818	801	770	1050	1039	1130	801	1119	802	896	828	1067	850	871	1131	40869	36487	19250	36959	19516	18140	32865	36485	19409	32745	18440	19826	19562	20743	50588	43985	20613	20858	18834	19844	53357	37633	17519	20732	28612	43445	22822	4653	21575	14662	14173	16220	36986	28146	17097	15806	3887	3195	2463	815	4256	3604	3015	3095	780	797	816	804
17:56:02	29	992	1017	1131	1057	1067	865	847	1033	823	9647	1184	1155	949	975	1016	1019	1122	1021	1002	988	1018	999	1017	947	979	1092	808	818	820	812	798	983	799	820	821	779	1033	1020	1122	811	1126	792	870	801	1090	859	889	1122	42971	37654	19299	37071	19193	17663	33216	36597	19721	32812	18614	19988	18958	20526	50154	47600	20507	21669	18051	19706	56808	37165	16787	20419	29063	43413	22968	5310	21061	14741	14108	16399	37125	27943	16633	15793	3695	3240	2453	844	4369	3660	3034	3074	820	808	807	794
18:12:06	29	1021	1031	1148	1044	1058	871	856	1049	804	9981	1135	1129	941	991	1013	1029	1131	1009	1016	969	1018	1038	1025	976	975	1101	804	817	822	806	791	1006	838	823	796	799	1082	1016	1127	801	1113	791	912	825	1044	866	936	1141	40966	36595	19137	37553	19597	17955	34283	36048	18965	32897	17969	20182	19108	20897	49504	47876	21168	21109	18235	20328	53775	38162	17637	21583	29231	43442	23084	6015	20831	14624	14196	16837	36604	27857	16447	15404	3522	3251	2443	806	4251	3704	2986	3077	808	808	793	811
18:28:09	29	984	1040	1132	1092	1082	875	889	1054	839	9846	1163	1115	978	982	1011	1052	1144	1038	996	973	1050	1014	1020	926	945	1096	812	837	833	794	799	1001	839	828	802	777	1069	1033	1124	827	1117	807	930	807	1075	877	929	1142	42349	36021	18474	37452	19836	17692	31421	35333	18921	33588	18215	19811	19951	21037	51316	49094	21592	21360	18939	20225	55745	38508	17052	20587	28727	43431	22798	6900	20832	14605	14044	16473	35898	28012	16237	15232	4074	3196	2430	797	4435	3700	3024	3124	792	800	810	817
18:44:13	29	1010	1037	1126	1085	1047	867	857	1079	855	10243	1130	1130	985	983	998	1033	1139	1008	975	977	1056	982	1031	975	968	1106	826	852	800	807	776	998	859	829	808	757	1067	1050	1097	825	1117	810	912	815	1079	897	919	1133	39092	36069	18885	38166	19823	17748	32484	34217	18951	33302	18281	20085	18744	20667	50356	43898	20792	21830	19141	20383	58924	38801	17713	20658	29394	43315	22890	7542	20592	14684	14053	16425	36629	27911	16066	14852	3786	3199	2442	812	4291	3821	3009	3194	795	789	819	821
19:00:17	29	999	1030	1122	1091	1060	906	874	1061	875	10171	1158	1126	980	989	1007	1054	1148	1027	995	963	1049	1000	1007	956	963	1113	820	841	828	816	809	995	829	807	791	785	1072	1020	1124	834	1094	826	918	786	1053	916	937	1133	40047	35501	18721	38113	19648	17476	32045	35826	18682	32449	18047	20197	18474	22300	51836	50445	20792	21518	18272	20236	55288	38384	17325	20657	29026	42766	22863	8521	21541	14569	14061	15904	36583	27459	15403	13702	3661	3273	2424	841	4450	3795	3005	3097	819	790	806	804
19:16:20	29	998	1060	1104	1073	1080	890	915	1066	883	10070	1192	1130	974	1014	1019	1037	1143	1022	996	978	1026	1036	1015	936	960	1099	819	839	838	798	775	997	835	809	790	777	1070	1044	1125	842	1094	838	939	811	1084	900	948	1123	40946	34593	19424	38735	19982	17213	32947	36262	18516	31803	18626	19732	18563	21588	54619	42189	21096	22134	18357	20233	53020	39423	18155	20672	29223	42951	22650	10082	21265	14430	14061	15836	35094	27417	14667	13132	3505	3306	2473	807	4280	3783	3004	3088	799	768	826	822
19:32:24	29	1009	1056	1130	1066	1038	935	916	1086	850	10289	1143	1148	982	955	1047	1037	1155	1004	996	980	1004	1007	1029	961	975	1107	827	841	823	801	797	1004	840	822	817	779	1092	1037	1127	828	1136	823	951	813	1070	936	935	1127	40447	34155	18479	38147	20088	18211	32513	35698	18246	31475	18118	19580	18167	22996	54128	51773	21230	20879	18328	20528	58443	39800	17820	20508	28366	42244	22370	11018	20183	14197	13922	15528	34326	26185	13893	12190	3634	3239	2499	838	4477	3877	2984	3012	789	806	794	789
19:48:27	29	987	1059	1125	1058	1059	924	929	1041	873	10348	1173	1136	948	1002	1007	1048	1184	990	1006	986	1064	996	1031	957	964	1135	800	830	824	815	788	991	845	802	792	782	1035	1053	1111	838	1134	823	960	833	1106	953	955	1128	41574	34902	18132	37462	20108	17088	30511	35759	18219	33527	17930	19339	17661	22931	50846	45220	20683	21403	18403	19718	56341	39117	17475	20661	28269	42183	22294	12227	20214	14082	13872	15149	34920	24145	12983	11674	3965	3416	2466	852	4400	3849	2997	2968	797	772	811	801
20:04:31	29	1023	1078	1145	1096	1041	912	938	1066	861	10395	1165	1151	985	1045	1017	1053	1148	1020	1006	985	1030	1027	1039	989	951	1105	801	839	833	803	788	992	815	800	772	782	1061	1044	1135	832	1113	820	997	789	1092	946	934	1133	43720	41081	17576	37754	20119	17572	30834	43016	18402	32833	18593	19211	17454	21824	55191	49540	20962	20577	17582	18861	55317	39453	18220	20523	27903	41836	22724	12971	20092	13814	13758	14728	34711	22795	12341	11309	3630	3253	2380	859	4288	3845	2981	2989	813	798	804	801
20:20:34	29	988	1036	1135	1039	1069	940	962	1092	881	10722	1160	1133	963	1043	1015	1055	1130	1008	1023	994	1039	1029	1065	943	956	1106	808	809	823	805	799	1028	833	813	802	768	1075	1033	1120	860	1137	847	992	807	1075	950	932	1156	43766	34212	17815	37174	20146	16356	31142	35973	17877	30131	17964	19712	18392	22749	56642	54506	20308	20786	18086	19171	53611	38388	17002	20217	27512	41945	22820	14746	20003	13928	13692	13803	34479	21476	11624	10898	3398	3401	2423	859	4334	3971	2974	2977	801	779	788	799
20:36:38	29.1	997	1038	1116	1096	1064	946	962	1067	887	10830	1175	1121	967	987	1022	1062	1147	1023	1012	1001	1037	1029	1030	953	962	1100	815	831	825	795	785	1017	830	797	816	771	1067	1055	1134	828	1129	854	965	810	1098	938	965	1179	44668	34397	18296	37359	19577	16384	28507	35747	17670	31086	17913	19557	18203	23771	52696	55337	20440	22046	17759	19262	50828	39903	17880	20086	26637	41458	22274	16440	19767	13627	13539	12983	33653	20583	10939	10167	3334	3470	2369	875	4298	3973	2963	2979	823	813	804	794
20:52:41	29	1032	1052	1123	1069	1077	984	961	1105	910	11135	1205	1145	977	1006	1039	1040	1150	1006	1013	1002	1018	1028	1033	960	961	1114	804	827	819	791	809	1009	827	832	804	778	1080	1065	1145	857	1148	837	964	814	1087	971	991	1140	46750	34549	17416	38589	19498	16720	29322	35953	18056	31156	17843	19145	16834	21737	56045	42906	20320	23021	18311	18812	55815	39801	18179	20274	26056	41296	22407	18213	19599	13623	13451	12213	32696	19514	10086	9684	3507	3438	2378	887	4465	4002	2947	2959	821	807	787	813
21:08:45	29	1019	1084	1158	1106	1038	950	989	1094	906	11006	1177	1136	1003	1008	1026	1073	1104	1031	1033	993	1012	1021	1060	990	968	1133	783	830	809	787	789	995	827	838	832	767	1073	1072	1113	840	1134	859	994	824	1079	985	991	1121	46126	33994	17206	37492	19009	15799	29356	35069	17648	29995	17714	19026	16082	22741	47912	44730	19769	22468	17950	19652	45671	40070	18692	20600	25971	41141	22225	20041	19171	13244	13230	11619	31596	18259	9532	9055	3130	3343	2274	896	4317	3950	2883	3014	796	788	838	829
21:24:48	29	1019	1046	1179	1081	1077	982	955	1064	943	11284	1160	1163	994	1009	1039	1055	1144	998	1036	990	1043	995	1036	945	981	1109	803	834	831	802	814	1016	836	816	813	790	1103	1052	1146	869	1130	850	999	815	1103	969	987	1180	50127	32259	17169	37796	19264	15815	27680	36733	18173	30072	17831	19436	15775	22595	54990	47966	21020	23109	17152	19443	42871	39936	19211	20825	25482	41210	21872	22037	19032	13117	13171	10919	31018	17337	8870	8601	3183	3445	2285	938	4348	3969	2839	2961	791	796	807	812
21:40:52	29	1049	1056	1157	1108	1056	963	965	1099	951	11149	1210	1131	1000	1005	1007	1053	1143	1036	1023	1008	1026	1026	1024	990	990	1088	847	845	831	799	791	997	814	827	787	791	1073	1075	1140	867	1162	863	988	798	1084	990	983	1139	48915	32453	16927	38135	18712	15480	28194	36638	17436	30075	17335	19428	14439	22361	50714	35371	20771	25448	16871	19184	37042	39612	18555	21357	24408	40727	21423	24065	18637	12736	12854	10332	29905	16079	8267	8157	2973	3432	2240	968	4232	4016	2836	2880	801	781	802	807
21:56:55	29	992	1053	1155	1082	1106	978	965	1098	979	11638	1205	1151	1004	1028	1033	1055	1152	1044	1068	996	1061	1049	1046	982	974	1103	814	829	826	798	782	1034	823	813	814	770	1113	1040	1121	872	1167	855	1003	824	1095	986	969	1140	51417	33071	16744	38347	18745	15192	26771	36842	17596	29627	17443	19557	13621	20623	50821	35893	20318	22121	15919	19688	42536	39821	17399	20944	24081	40360	21218	26097	18436	12138	12481	9646	28113	15120	7859	7823	2781	3423	2215	1014	4274	4058	2733	2924	812	816	815	806
