Time	T° eGFP:488,520	A1	A2	A3	A4	A5	A6	A7	A8	A9	A10	A11	A12	B1	B2	B3	B4	B5	B6	B7	B8	B9	B10	B11	B12	C1	C2	C3	C4	C5	C6	C7	C8	C9	C10	C11	C12	D1	D2	D3	D4	D5	D6	D7	D8	D9	D10	D11	D12	E1	E2	E3	E4	E5	E6	E7	E8	E9	E10	E11	E12	F1	F2	F3	F4	F5	F6	F7	F8	F9	F10	F11	F12	G1	G2	G3	G4	G5	G6	G7	G8	G9	G10	G11	G12	H1	H2	H3	H4	H5	H6	H7	H8	H9	H10	H11	H12
0:00:11	26.7	757	763	774	776	806	799	813	797	778	792	774	774	807	784	801	807	791	791	893	816	799	802	788	769	981	801	809	812	809	833	817	813	787	785	789	787	814	790	789	814	803	795	803	806	816	782	789	806	789	807	822	810	827	838	795	805	818	816	802	815	835	815	831	843	807	821	829	807	836	828	834	822	761	834	2675	2551	2594	4137	3383	3857	3741	3097	3096	3067	3848	3862	5713	3101	3257	2981	7191	9792	6612	3022	3055	2942
0:16:15	29	772	776	773	770	832	817	814	825	762	777	767	734	751	758	777	791	777	795	894	790	783	791	759	760	938	805	794	787	820	837	782	795	796	778	776	758	814	763	798	784	823	795	800	825	805	765	771	802	793	793	787	805	823	811	789	804	853	820	799	771	809	825	802	845	811	825	811	795	812	806	792	831	773	810	2800	2692	2790	3249	3430	3612	3477	2963	3007	2966	3604	3751	5709	2879	3063	2872	6996	7159	5724	2874	2932	2884
0:32:18	29	785	749	741	765	883	813	831	791	786	768	751	744	780	779	755	770	788	787	869	753	779	780	738	750	978	783	788	773	875	827	787	769	795	766	761	755	834	789	784	789	816	783	785	790	869	788	789	756	830	804	800	798	819	811	791	810	904	820	769	789	869	835	834	835	845	846	821	789	858	835	816	826	749	839	2904	2771	2865	3288	3338	3649	3430	2987	2995	2900	3529	3676	5637	2935	3024	2869	6952	7134	5791	2861	2891	2841
0:48:21	29	824	772	750	772	979	898	872	826	832	791	747	723	796	771	757	757	825	799	821	770	797	763	753	756	1006	782	794	774	967	907	803	769	829	759	765	741	859	791	792	782	865	815	796	787	897	829	793	767	856	819	799	818	886	871	807	784	943	895	817	805	968	895	848	838	883	852	826	802	942	894	816	843	741	805	2964	2757	2883	3356	3327	3747	3557	2997	3029	2930	3518	3647	5707	2896	3083	2880	7136	7146	5907	2842	2890	2897
1:04:25	29	872	804	764	765	1076	1036	873	823	855	830	772	726	822	783	786	770	864	822	868	782	812	791	738	720	1016	806	804	785	1082	991	805	767	838	807	756	749	920	849	808	802	895	840	807	803	1022	854	798	798	924	872	803	785	922	874	799	817	1099	942	800	783	1045	972	926	847	971	916	841	807	1045	961	862	840	755	798	3023	2779	2921	3417	3345	3788	3563	2914	2957	2896	3526	3608	5612	2898	2961	2902	7193	7173	5941	2837	2905	2819
1:20:28	29	949	843	743	752	1253	1142	949	822	920	876	767	726	869	800	780	756	906	861	824	760	815	794	762	739	1018	826	800	780	1220	1050	813	764	943	830	785	732	983	904	805	775	949	913	829	780	1077	947	807	770	958	879	827	786	970	921	835	792	1212	1036	858	756	1200	1037	934	847	1011	991	888	808	1101	1030	884	828	740	795	2891	2824	2875	3453	3335	3854	3734	2842	2991	2902	3532	3564	5749	2905	3030	2932	7395	7401	6017	2912	2928	2874
1:36:32	29	998	873	785	756	1375	1310	1020	849	984	933	772	711	916	817	781	752	959	906	917	775	803	780	747	756	1096	882	830	803	1371	1181	808	757	958	865	771	733	1063	943	809	786	1051	968	858	802	1195	967	810	780	1041	936	823	786	1059	1003	846	851	1370	1178	897	807	1316	1126	1001	844	1129	1068	915	798	1282	1137	971	814	729	815	2886	2849	2896	3516	3352	3925	3846	2879	2998	2865	3478	3679	5843	2941	3045	2999	7435	7405	6092	2957	2936	2832
1:52:35	29	1066	898	810	770	1521	1466	1134	838	1095	971	781	732	973	863	811	795	990	947	814	764	837	813	770	734	1167	917	841	776	1509	1336	824	794	1040	944	797	746	1144	1046	859	772	1165	1033	893	787	1371	1054	856	764	1116	1001	837	792	1142	1111	880	827	1556	1304	952	794	1441	1246	1053	862	1200	1144	1000	754	1380	1256	1034	827	715	811	2886	2830	2883	3545	3273	3953	3897	2976	2945	2845	3501	3576	5995	2985	3085	3025	7595	7525	6064	3001	2978	2894
2:08:39	29	1170	933	835	764	1719	1632	1213	830	1148	1065	833	705	1025	904	829	761	1092	984	833	760	853	830	772	740	1179	949	850	784	1719	1406	840	779	1098	995	812	748	1252	1105	880	786	1219	1113	913	784	1523	1177	877	781	1207	1053	870	809	1245	1198	908	811	1715	1434	1004	814	1629	1352	1127	862	1318	1243	1033	811	1522	1368	1080	839	733	797	3007	2823	2849	3635	3294	4017	3926	3002	2990	2936	3463	3563	6170	3020	3156	3021	7739	7640	6194	3018	3011	2857
2:24:42	29.1	1294	1039	854	758	1837	1836	1337	865	1213	1152	853	727	1073	946	834	772	1132	1047	860	760	886	823	779	735	1225	1002	871	788	1909	1601	849	769	1151	1037	841	733	1375	1194	910	794	1313	1207	954	806	1659	1290	924	762	1253	1125	911	766	1371	1261	948	786	1869	1627	1040	790	1762	1466	1208	848	1394	1349	1127	820	1610	1523	1208	843	748	810	3093	2847	2931	3709	3254	4145	4068	2977	2980	2932	3498	3501	6327	3007	3105	2961	7838	7831	6432	2983	3024	2894
2:40:45	29.1	1406	1102	895	756	2130	1990	1454	858	1347	1271	884	733	1146	969	889	789	1243	1108	900	756	924	859	785	740	1320	1061	931	787	2146	1758	869	735	1251	1120	867	758	1467	1284	968	809	1405	1294	1036	782	1877	1412	981	783	1399	1206	933	806	1483	1353	1004	792	2141	1802	1138	838	2032	1640	1322	859	1497	1464	1203	818	1822	1599	1286	833	760	813	3024	2860	2891	3807	3341	4258	4146	2937	2977	2944	3440	3485	6467	2987	3096	3041	8117	8176	6474	3011	3054	2905
2:56:49	29.1	1559	1155	933	763	2292	2231	1625	881	1443	1382	905	760	1230	1029	872	785	1340	1205	913	762	928	866	806	735	1402	1130	948	778	2355	1924	906	759	1338	1157	879	768	1663	1405	1009	769	1500	1366	1074	794	2021	1545	1041	784	1486	1308	1037	791	1600	1506	1104	791	2327	1979	1209	813	2253	1838	1436	867	1657	1584	1295	832	1990	1836	1410	853	730	796	2968	2841	2850	3825	3270	4327	4420	2969	3084	2929	3405	3536	6657	2986	3157	3057	8324	8435	6728	3043	2976	2928
3:12:52	29.1	1710	1265	959	766	2550	2487	1809	851	1550	1440	945	733	1336	1111	913	765	1416	1242	959	770	950	900	806	738	1485	1197	988	784	2643	2184	928	772	1430	1267	920	739	1817	1504	1043	793	1664	1512	1111	797	2266	1700	1062	777	1620	1411	1045	789	1727	1639	1125	827	2586	2229	1306	804	2422	1965	1547	831	1846	1744	1361	831	2214	2022	1509	865	749	787	2985	2878	2916	4125	3305	4457	4631	2973	3004	2853	3468	3509	6890	3006	3158	3023	8580	8802	6890	3035	3004	2981
3:28:55	29	1860	1329	1007	767	2767	2691	1915	879	1690	1581	1005	758	1405	1135	923	786	1510	1349	1013	786	1011	946	821	712	1528	1268	1058	794	2921	2363	964	798	1484	1381	982	752	1977	1648	1122	791	1796	1605	1184	791	2532	1869	1165	781	1735	1502	1089	789	1954	1794	1177	830	2867	2416	1357	823	2734	2153	1644	878	1985	1911	1510	829	2463	2224	1662	844	753	797	2977	2980	2917	4217	3290	4574	4776	3070	2978	2904	3531	3631	7075	2985	3114	3064	8685	9148	7244	3074	3022	3030
3:44:59	29.1	2052	1433	1052	779	3081	3015	2116	915	1879	1740	1025	745	1549	1219	984	763	1630	1463	1044	757	1060	969	824	734	1663	1380	1098	806	3197	2557	1001	755	1659	1431	989	778	2195	1794	1196	811	1938	1778	1264	804	2760	2044	1281	769	1936	1625	1120	809	2091	1970	1252	809	3101	2665	1489	829	3016	2362	1851	874	2166	2149	1626	845	2714	2414	1821	870	749	794	3091	2984	2948	4188	3293	4792	4961	3035	3038	3003	3561	3640	7375	3053	3181	3164	8944	9620	7456	3075	2996	3082
4:01:02	29.1	2239	1529	1099	773	3343	3271	2230	913	1977	1862	1046	750	1650	1271	984	756	1760	1546	1092	790	1085	998	833	724	1743	1462	1119	787	3516	2836	1061	771	1726	1539	1031	754	2356	1904	1250	778	2137	1876	1319	797	3030	2193	1342	817	2097	1740	1207	818	2274	2113	1342	812	3433	2967	1567	846	3373	2603	1993	882	2380	2312	1778	844	2984	2679	1927	873	753	784	3165	2944	2962	4500	3302	4953	5114	3013	3078	2989	3618	3750	7944	3030	3178	3173	9347	10070	7723	3088	2958	3101
4:17:06	29.1	2411	1655	1153	799	3670	3510	2378	930	2153	1997	1082	743	1769	1331	1014	756	1864	1643	1223	771	1107	1013	861	745	1867	1567	1167	795	3768	3074	1070	784	1870	1639	1083	762	2546	2089	1332	797	2294	2044	1388	834	3332	2404	1418	802	2269	1907	1268	810	2487	2293	1420	819	3698	3157	1676	854	3616	2836	2186	880	2597	2518	1852	859	3243	2947	2099	859	739	835	3099	2971	3001	4600	3272	5069	5279	3016	3100	2994	3694	3872	8137	3139	3163	3271	9992	10598	8082	3072	3030	3210
4:33:09	29.1	2631	1724	1212	770	3892	3846	2502	919	2299	2148	1081	769	1912	1448	1090	797	2020	1757	1155	795	1127	1045	877	772	1963	1682	1252	784	4134	3273	1114	757	1974	1774	1133	745	2800	2214	1365	789	2457	2195	1479	819	3585	2574	1479	814	2470	2026	1308	787	2678	2496	1473	839	4049	3444	1779	847	3963	3115	2390	905	2770	2749	2040	857	3558	3196	2308	887	764	786	3078	3079	2990	4806	3268	5183	5508	3019	3099	3091	3794	3977	8690	3256	3156	3356	10371	11139	8540	3129	3087	3306
4:49:13	29.1	2868	1887	1271	790	4248	4168	2665	942	2477	2311	1105	750	2021	1555	1115	784	2177	1891	1228	796	1233	1098	877	755	2084	1853	1308	806	4453	3546	1142	788	2149	1843	1158	756	2985	2461	1470	823	2658	2335	1572	828	3907	2835	1582	805	2693	2150	1364	814	2902	2740	1602	829	4452	3696	1876	852	4425	3412	2504	907	3034	2945	2184	851	3909	3518	2471	885	762	769	3322	3017	3028	4950	3292	5492	5858	3044	3167	3019	3912	4067	9064	3290	3257	3432	10881	11824	8756	3202	3124	3311
5:05:16	29.1	3093	1985	1301	800	4605	4503	2853	932	2706	2455	1136	752	2198	1653	1132	786	2306	2001	1247	798	1271	1127	886	730	2175	1926	1360	794	4821	3779	1177	789	2288	1998	1224	780	3207	2615	1508	824	2842	2516	1580	827	4221	3089	1623	834	2910	2346	1431	817	3124	2955	1630	848	4822	4053	1949	875	4713	3698	2747	920	3279	3236	2347	867	4161	3801	2604	935	739	779	3133	3055	3038	5080	3312	5768	6097	3081	3097	3060	4064	4193	9666	3391	3297	3522	11674	12636	9295	3204	3144	3346
5:21:19	29.1	3312	2085	1339	763	4959	4861	2951	954	2843	2624	1126	780	2311	1779	1181	784	2462	2144	1282	785	1328	1158	916	765	2299	2055	1431	797	5181	4029	1222	806	2452	2127	1288	751	3533	2774	1542	808	3046	2682	1671	829	4631	3292	1679	836	3112	2469	1493	827	3378	3216	1690	849	5203	4347	2045	906	5052	4009	2907	927	3534	3494	2455	856	4451	4044	2790	913	741	793	3199	3048	3053	5327	3280	5873	6488	3064	3122	3108	4216	4335	10336	3457	3320	3618	12659	13518	9953	3315	3229	3458
5:37:23	29.1	3495	2276	1372	795	5267	5072	3136	941	3047	2789	1179	763	2470	1854	1218	781	2679	2261	1332	790	1376	1225	955	737	2455	2189	1487	809	5548	4245	1293	771	2548	2274	1297	776	3733	2959	1631	831	3280	2871	1711	837	4902	3490	1773	830	3325	2684	1531	844	3647	3381	1800	841	5536	4670	2133	872	5507	4284	3121	911	3851	3666	2613	885	4864	4377	3021	916	775	781	3237	3125	3020	5610	3342	6412	6892	3086	3200	3142	4300	4592	11338	3516	3414	3789	13237	14224	10587	3357	3292	3597
5:53:27	29.1	3796	2441	1431	801	5579	5466	3292	959	3222	2988	1196	779	2638	1968	1228	781	2801	2381	1522	771	1467	1248	950	774	2656	2319	1573	801	5953	4500	1343	785	2732	2414	1321	783	4021	3154	1667	847	3577	3065	1820	836	5210	3754	1853	833	3521	2857	1595	811	3955	3593	1839	861	6070	5001	2200	867	6034	4562	3263	930	4148	4010	2768	880	5212	4734	3181	918	767	793	3367	3187	3125	5669	3319	6977	7297	3136	3258	3218	4449	4847	12113	3717	3374	3942	14218	15142	11166	3422	3302	3682
6:09:30	29.1	4068	2530	1473	797	6137	5842	3395	985	3494	3208	1174	793	2780	2067	1290	767	2980	2503	1519	791	1579	1347	983	751	2785	2541	1640	832	6413	4769	1354	781	2950	2530	1377	794	4300	3371	1700	835	3754	3269	1898	840	5657	4013	1882	849	3805	3078	1647	821	4160	3881	1869	855	6513	5330	2322	926	6444	4906	3441	931	4367	4306	2881	870	5644	5074	3356	927	731	814	3341	3283	3150	6007	3326	7197	7706	3276	3289	3193	4673	5088	12941	3775	3466	4095	15108	16163	11914	3518	3386	3794
6:25:34	29.1	4377	2689	1507	802	6433	6303	3589	971	3668	3366	1237	765	2990	2219	1284	784	3143	2591	1501	806	1692	1375	1000	768	2898	2641	1654	826	6623	5005	1399	783	3085	2661	1408	818	4621	3578	1801	815	3963	3470	1983	861	5946	4255	1972	845	4148	3228	1697	855	4502	4069	2001	848	6988	5746	2481	897	6863	5289	3641	953	4652	4607	2982	892	5993	5366	3539	936	752	814	3278	3251	3101	6298	3297	7763	8325	3187	3283	3282	4904	5464	14149	3915	3544	4307	16237	17065	12575	3542	3464	3974
6:41:37	29.1	4679	2936	1568	784	7063	6975	3744	1024	3942	3513	1231	792	3195	2297	1344	810	3297	2800	1588	814	1760	1457	1007	750	3168	2829	1740	815	7162	5295	1467	807	3234	2824	1429	783	4893	3771	1878	864	4267	3679	2080	873	6327	4416	2036	843	4354	3408	1741	866	4814	4264	2023	873	7536	6164	2541	918	7449	5571	3784	951	5057	4856	3204	880	6461	5848	3744	929	754	796	3449	3220	3149	6568	3293	8102	8936	3196	3384	3356	5145	5806	15321	4142	3629	4493	17343	18061	13702	3625	3449	4054
6:57:41	29.1	4987	2961	1597	799	8136	7248	4030	1027	4148	3698	1250	772	3345	2402	1368	811	3527	2955	1572	819	1873	1545	1044	766	3248	3031	1797	834	7685	5652	1464	807	3478	2928	1482	766	5233	3988	1929	853	4588	3955	2105	876	6762	4700	2086	861	4588	3595	1781	837	5197	4577	2154	887	7982	6589	2592	935	7818	5999	3999	962	5448	5204	3239	900	6806	6054	3890	943	773	794	3335	3323	3106	6979	3382	9184	9565	3241	3340	3356	5549	6231	16281	4266	3677	4669	18829	19321	14652	3747	3547	4217
7:13:44	29.1	5285	3187	1641	798	8617	8000	4151	1044	4382	3895	1287	784	3548	2537	1391	810	3768	3068	1573	836	2000	1622	1079	740	3418	3241	1877	850	8139	5867	1546	814	3618	3092	1516	805	5625	4304	1909	824	4824	4095	2183	859	7233	4959	2178	884	4965	3821	1804	859	5553	4957	2137	887	8740	7090	2722	926	8335	6423	4198	962	5777	5556	3466	893	7303	6531	4056	945	751	778	3429	3338	3149	7262	3299	9529	9961	3314	3381	3348	5951	6767	17938	4401	3779	4773	19949	20180	15331	3821	3541	4299
7:29:48	29.1	5563	3431	1645	813	9236	8345	4160	1025	4696	4106	1327	793	3717	2607	1408	814	3960	3192	1644	825	2103	1686	1060	782	3597	3381	1888	853	8597	5987	1536	827	3850	3273	1565	812	5945	4487	1978	879	5190	4364	2231	865	7552	5291	2204	886	5173	3952	1923	851	5847	5134	2215	905	9313	7479	2803	946	8670	6793	4360	980	6141	5893	3623	913	7756	6958	4293	966	734	790	3369	3445	3249	7699	3307	10463	10848	3309	3466	3404	6347	7304	19959	4653	3915	5029	21196	21216	16439	3896	3667	4405
7:45:51	29.1	5959	3453	1727	817	10088	8988	4270	1030	4966	4213	1337	783	3899	2715	1442	822	4082	3317	1664	820	2225	1816	1115	765	3802	3543	2015	852	8977	6372	1548	808	4142	3350	1572	812	6340	4723	2048	865	5545	4602	2345	889	8039	5521	2312	918	5599	4211	1886	865	6234	5350	2279	908	9973	7982	2829	939	9432	7247	4722	993	6562	6195	3751	924	8199	7293	4465	953	768	772	3460	3456	3216	8168	3427	11127	11692	3211	3515	3434	6825	7994	21766	4816	3988	5178	22315	22120	17285	4009	3699	4522
8:01:54	29	6372	3613	1762	825	10118	9086	4273	1038	5252	4484	1307	778	4030	2882	1435	837	4378	3501	1678	832	2371	1893	1098	782	4044	3740	2022	858	9556	6573	1574	808	4285	3520	1617	782	6645	4968	2073	878	5823	4911	2430	913	8427	5894	2335	894	5985	4417	1936	881	6590	5663	2343	932	10866	8437	2997	967	10029	7753	4837	1004	6929	6663	3915	919	8699	7724	4602	972	767	781	3407	3449	3199	8689	3371	11961	12570	3163	3533	3477	7270	8596	23368	5057	4186	5277	23899	23638	18524	4057	3798	4635
8:17:58	29.1	6721	3768	1758	828	10657	9448	4434	1042	5500	4787	1345	789	4303	2989	1492	806	4604	3633	1703	791	2471	2020	1165	773	4180	3928	2103	873	10064	6865	1604	822	4649	3749	1656	825	7059	5240	2126	899	6115	5102	2483	913	8923	6249	2375	923	6311	4613	2047	885	7046	6026	2431	906	11527	9082	3028	973	10474	8155	5020	1000	7157	6866	3990	959	9376	8067	4835	985	745	786	3388	3504	3207	9432	3378	12891	13274	3076	3479	3520	8113	9422	25143	5241	4293	5420	25513	24711	19682	4132	3806	4743
8:34:01	29.1	7236	4101	1819	828	11056	10303	4531	1057	5803	4932	1350	813	4503	3160	1507	816	4927	3826	1706	825	2584	2119	1170	773	4500	4201	2159	889	10777	7221	1642	819	4832	3976	1634	817	7559	5500	2227	897	6593	5442	2543	925	9617	6711	2427	934	6525	4936	2054	877	7494	6327	2476	926	12101	9456	3071	990	11446	9029	5341	1012	7846	7374	4142	960	9897	8703	4972	1009	750	808	3373	3573	3296	9919	3425	13578	13539	3018	3577	3552	8730	10009	26357	5325	4409	5646	26407	25777	20623	4183	3879	4754
8:50:05	29.1	7759	4178	1853	827	11762	10344	4597	1065	6065	5099	1411	820	4751	3270	1510	831	5046	3979	1759	850	2663	2203	1183	773	4743	4415	2229	899	11073	7444	1660	824	5099	4109	1705	819	7889	5855	2286	918	7004	5705	2620	955	10087	7204	2509	939	7051	5134	2118	925	7995	6646	2479	932	12808	9847	3143	966	11956	9402	5677	1051	8180	7566	4293	949	10461	9166	5260	1009	762	789	3435	3659	3246	10749	3363	14502	14520	3113	3476	3640	9418	10931	27441	5468	4621	5735	27625	27647	21909	4306	3982	4842
9:06:08	29.1	8225	4336	1883	845	12168	10678	4804	1090	6430	5367	1467	827	4958	3398	1562	804	5412	4121	1786	826	2852	2266	1188	778	4985	4653	2317	919	11774	7873	1701	833	5316	4254	1725	796	8529	6197	2327	911	7433	6004	2675	961	10847	7574	2568	924	7473	5489	2151	896	8595	7157	2589	937	13540	10261	3182	976	12689	10103	5823	1035	8671	8150	4495	983	11030	9587	5536	1014	750	812	3437	3636	3283	11612	3397	15152	15205	3514	3576	3650	10282	11680	29292	5640	4754	5932	29194	28636	23328	4329	4095	4995
9:22:12	29.1	8773	4624	1918	837	12696	11214	4858	1105	6805	5654	1467	819	5264	3555	1560	839	5665	4302	1813	842	2962	2342	1209	771	5320	4977	2392	892	12179	8100	1743	808	5551	4488	1742	836	8956	6501	2320	938	7775	6342	2746	946	11508	7824	2640	945	7755	5674	2200	913	9003	7529	2583	942	13783	10752	3293	974	13413	10918	6114	1061	9379	8718	4663	972	11812	10121	5740	1036	734	789	3578	3595	3310	12007	3379	15954	16016	3485	3644	3721	11157	12868	30173	5778	4815	6047	31127	30470	24453	4423	4036	5049
9:38:15	29	9276	4800	1979	853	13470	11832	4974	1085	7107	5804	1513	836	5481	3620	1557	860	5947	4468	1769	845	3091	2442	1215	787	5609	5341	2491	949	13025	8399	1784	815	5882	4689	1771	823	9279	6899	2392	932	8489	6656	2882	974	12158	8270	2704	955	8321	5909	2225	910	9611	8072	2638	965	14238	10960	3301	973	13890	11530	6353	1064	9862	9154	4941	967	12547	10867	6012	1037	740	786	3464	3711	3335	12717	3461	16729	16760	3559	3745	3857	11926	13480	31924	5920	4875	6296	32264	32150	25576	4431	4043	5098
9:54:18	29	9702	5024	2003	851	14060	12313	5174	1109	7495	6029	1546	850	5711	3892	1657	812	6054	4673	1964	868	3196	2498	1207	773	6053	5484	2487	940	13522	8680	1828	845	6159	4859	1804	840	9618	7174	2436	946	8991	7082	3009	983	12792	8772	2771	968	8639	6188	2267	936	10491	8572	2733	981	14825	11233	3277	994	14721	11892	6537	1082	10409	9557	5104	996	13121	11412	6384	1050	749	782	3590	3774	3341	13324	3401	17720	17925	3570	3782	3872	13112	14888	34117	6131	5053	6406	34468	34004	27015	4532	4164	5122
10:10:22	29.1	10245	5301	2082	864	14670	12996	5361	1127	7898	6281	1563	842	6122	4070	1628	840	6565	4979	1965	858	3344	2610	1253	800	6446	6042	2554	938	14146	9181	1831	834	6538	5133	1881	838	10303	7500	2463	983	10482	7879	3298	1003	13132	9062	2813	958	9348	6644	2320	961	10996	8873	2874	986	15337	11718	3373	1006	14905	12497	6942	1089	11363	10232	5228	1042	13867	12054	6666	1091	755	806	3518	3771	3386	13947	3399	18370	18729	3658	3757	3925	13917	15454	35767	6258	5071	6610	35948	35725	28602	4627	4285	5154
10:26:25	29	10734	5498	2081	881	15667	13600	5533	1126	8376	6717	1644	862	6403	4264	1725	855	6772	5182	2055	860	3436	2743	1231	782	6757	6306	2647	961	14671	9460	1924	858	6887	5368	1894	857	11023	8056	2544	946	11023	8465	3590	1041	13985	9534	2868	990	9833	6959	2400	943	11777	9424	2877	1014	16081	12154	3421	975	15422	13310	7106	1112	11961	10985	5544	1060	14593	12580	6937	1096	767	804	3591	3834	3338	14681	3484	19770	19972	3690	3905	3962	15148	16842	38112	6479	5249	6726	38162	37940	30161	4781	4323	5309
10:42:29	29	11437	5886	2160	869	16339	13944	5824	1132	8984	6955	1711	853	6897	4508	1748	865	7118	5414	2141	876	3658	2821	1268	798	7180	6660	2792	989	15345	9837	1946	880	7346	5538	1954	862	11500	8301	2600	1000	11874	9338	3521	1007	14404	9838	2865	968	10716	7515	2413	997	12178	9737	2974	1016	16672	12681	3594	1016	15844	13973	7408	1108	12836	11680	5670	1050	15208	13382	7208	1061	743	819	3682	3930	3430	15818	3521	20485	20863	3732	3892	4013	16606	17517	39645	6718	5343	6929	39876	39503	31943	4834	4364	5294
10:58:32	29	11565	6170	2179	885	16965	14603	5964	1134	9440	7257	1788	884	7256	4757	1788	863	7506	5686	2093	880	3827	2901	1298	792	7844	7142	2928	999	15734	10289	1981	873	7776	5876	1959	857	12106	8653	2669	982	12336	9232	3659	1029	14740	9981	2921	986	11408	7904	2496	956	12628	10119	2993	997	17387	12963	3745	1022	16434	14425	7653	1125	13555	12081	5987	1029	15820	13587	7279	1097	757	812	3589	3881	3393	16510	3550	21538	21787	3749	3937	4072	18129	18314	41328	6780	5506	6974	41413	40963	33830	4862	4396	5389
11:14:36	29	12279	6459	2211	882	17701	15208	6275	1127	10165	7773	1873	866	7563	4864	1845	837	7886	5824	2114	871	3905	2997	1317	819	8321	7714	3050	1046	16255	10650	2024	878	8206	6027	2009	854	12676	9179	2706	980	12444	9537	3818	1051	15310	10456	2966	1012	11663	8138	2556	991	13134	10548	2965	979	17852	13679	3797	994	16827	15155	8041	1112	14026	12573	6102	1077	16481	13987	7585	1092	761	796	3678	3949	3461	17474	3564	22607	22558	3775	3977	4029	19280	19477	44374	6952	5663	7108	43296	42879	35605	4932	4465	5374
11:30:39	29	12852	6778	2304	899	18679	15926	6632	1167	10760	8258	1845	897	7930	5152	1858	871	8321	6012	2231	862	4076	3160	1337	823	8865	8111	3208	1011	16626	11072	2057	893	8587	6547	2089	860	13229	9735	2760	973	13761	10566	3807	1066	15746	10918	3049	976	12457	8522	2548	982	13902	10874	3090	989	18735	14113	3940	1031	17638	15817	8255	1155	14725	12944	6210	1069	17019	14533	7746	1128	761	800	3678	3997	3437	18352	3628	23529	23932	3807	4023	4118	20318	20515	45741	7186	5735	7284	44979	45081	37655	4971	4488	5361
11:46:42	29	13249	6829	2292	903	19268	16355	6985	1179	11211	8674	1846	887	8311	5423	1874	877	8591	6485	2202	885	4211	3234	1332	808	9265	8549	3297	1001	17184	11474	2087	903	8984	6810	2160	894	13596	10050	2777	993	14329	10883	4011	1051	16547	11288	3016	1010	12950	8721	2603	991	14363	11047	3071	981	19453	14711	4055	1003	18805	16535	8671	1124	15199	13555	6375	1085	17702	15012	8005	1103	723	799	3677	4091	3391	19399	3661	24211	25013	3781	4074	4107	21475	21514	47869	7324	5884	7220	46389	46248	39064	5082	4593	5417
12:02:46	29.1	13763	7182	2326	889	19783	17210	7250	1167	11541	8892	1964	891	8807	5710	1955	908	9122	6748	2199	905	4372	3321	1340	825	9775	9083	3371	1054	17551	11863	2148	899	9304	7200	2181	918	14347	10380	2819	990	14818	11587	4099	1098	17012	11679	3190	1013	13656	9213	2636	983	14856	11729	3197	1013	20150	15374	4154	1032	19396	17368	9138	1161	15966	14143	6656	1094	18593	15738	8378	1127	757	782	3745	4027	3461	20185	3710	25462	26368	3837	4049	4118	22140	22334	50053	7396	5982	7377	47614	48032	40305	5049	4555	5483
12:18:49	29	14105	7454	2347	924	20630	18075	7691	1215	12036	9268	1966	903	9284	5870	1981	908	9409	7018	2280	916	4631	3481	1385	793	10198	9299	3435	1061	18388	12163	2134	875	10125	7620	2246	901	14598	10781	2923	1000	15409	12150	4175	1061	17695	12223	3316	989	13816	9814	2711	974	15529	12170	3310	1009	21130	15949	4373	1051	20256	18298	9601	1154	16607	14303	6945	1080	19674	16698	8919	1111	740	794	3722	4016	3487	21332	3798	27040	27467	3848	4071	4137	23608	22813	51615	7642	6135	7354	49762	49576	42767	5155	4607	5406
12:34:53	29	14418	7926	2486	918	21337	18840	7939	1186	12287	9221	1955	888	9437	6187	1991	889	9913	7249	2228	924	4845	3583	1387	817	10634	9936	3449	1036	19117	12450	2192	884	10652	7924	2276	909	14904	10902	2962	992	16261	12485	4306	1038	18242	12726	3364	1012	14118	10139	2777	1013	16045	12818	3427	1022	21510	16521	4499	1051	21007	19096	10081	1176	17164	14539	7064	1088	20283	17017	9072	1086	729	782	3798	4096	3443	22497	3920	28545	29103	3856	4129	4151	24324	23944	54143	7676	6370	7547	51228	51211	44785	5179	4705	5369
12:50:56	29.1	14690	8236	2494	937	21961	19563	8191	1200	12610	9525	2034	878	10048	6488	2004	916	10331	7638	2338	904	4989	3798	1429	816	11265	10267	3586	1057	19463	12881	2264	909	11451	8411	2350	905	15734	11442	3085	1004	16817	13058	4581	1071	19060	13425	3503	991	14891	10296	2859	982	16780	13387	3478	1022	22671	16909	4663	1059	21960	19872	10444	1228	18144	15416	7385	1127	20976	18035	9500	1152	741	804	3702	4083	3530	23121	4074	29718	30241	3828	4062	4142	24833	25040	56022	7661	6307	7595	51783	52397	46300	5182	4662	5376
13:06:59	29	15212	8675	2592	920	22698	20545	8584	1214	12872	9794	2066	909	10550	6691	2064	908	11126	8010	2312	897	5156	3906	1433	803	11800	10942	3751	1047	20265	13073	2331	893	12253	8752	2370	955	16492	12280	3139	1010	17485	13586	4594	1076	19829	13638	3633	996	15505	10888	2999	999	17446	13814	3635	1027	23241	17958	4953	1071	22958	20626	10776	1204	18853	16126	7770	1099	21927	18404	9956	1157	754	793	3712	4143	3511	24141	4168	30949	31809	3823	4053	4124	25768	26101	57695	7842	6525	7479	53219	53123	47905	5224	4641	5316
13:23:03	29	15793	8960	2612	924	23140	20835	8930	1215	13625	10001	2163	914	10950	7048	2117	912	11880	8591	2591	933	5426	4096	1458	826	12209	11340	3887	1087	20828	13711	2378	926	12592	8988	2460	917	16999	12626	3297	1005	18057	14135	4866	1103	20354	14286	3760	1016	16026	11509	3053	1007	18248	14286	3782	1041	24241	18572	5138	1071	23841	21484	11279	1228	19573	16905	7967	1108	22783	19448	10302	1180	731	819	3702	4135	3489	25127	4306	32004	32809	3803	4043	4138	26960	26967	59625	7863	6588	7595	54732	54968	49477	5115	4711	5256
13:39:06	29.1	16400	9176	2638	943	24047	21994	9289	1210	14004	10300	2252	912	11514	7568	2182	948	12194	8882	2464	928	5714	4244	1500	828	12916	11846	4014	1079	21636	14077	2529	946	12911	9278	2463	910	17837	12980	3392	1011	18725	14844	5051	1108	21204	14962	3922	1024	16768	12015	3162	1001	18807	14924	3997	1030	25172	19252	5314	1053	24627	21969	11774	1233	20523	17309	8283	1140	23654	20046	10884	1178	736	797	3784	4159	3488	26036	4389	33755	33934	3783	4076	4109	28399	28617	61348	8011	6685	7582	55271	56041	50725	5181	4688	5315
13:55:10	29	17015	9425	2709	924	24597	22031	9610	1222	14477	10900	2304	907	12134	7787	2240	934	12761	9347	2472	918	6045	4453	1532	835	13236	12503	4283	1095	22435	14469	2540	958	13308	9531	2434	924	18419	13446	3554	1016	19510	15284	5476	1104	22188	15799	4054	1006	17709	12494	3325	969	19342	15468	4133	1020	25808	19915	5554	1079	25432	22823	12307	1259	21446	17857	8592	1138	24237	20731	11429	1206	722	795	3791	4158	3552	27076	4577	34858	35098	3818	4043	4123	29745	30001	62734	8040	6710	7626	56760	57563	52762	5242	4739	5305
14:11:13	29.1	17899	9575	2863	915	25322	22967	9970	1215	14831	11195	2342	902	12504	8164	2268	951	13238	9648	2581	950	6257	4558	1579	868	13992	13061	4455	1084	22929	15080	2550	936	13498	9911	2488	948	19093	14059	3709	1008	20179	15872	5747	1131	22548	16032	4225	1001	18052	13079	3465	1006	20113	16272	4255	1038	26491	20739	5859	1083	26219	23396	12711	1248	22199	18717	8927	1134	25351	21924	11853	1206	728	805	3800	4202	3520	27183	4847	36090	36780	3888	4051	4155	31342	31535	65291	8163	6787	7678	57328	58321	54403	5270	4725	5317
14:27:16	29	18442	10041	2887	948	25884	23542	10326	1261	15559	11498	2498	911	12754	8507	2352	951	13494	9961	2589	946	6650	4769	1602	843	14510	13694	4661	1101	23987	15431	2659	951	14094	10027	2581	925	20092	14678	3827	1008	20972	16883	5909	1129	23238	16611	4387	1033	19151	13381	3605	998	20937	16897	4423	1056	27343	21514	6077	1095	27238	24214	13252	1264	23353	19369	9442	1168	26271	22801	12301	1194	744	795	3815	4260	3531	28549	5050	37246	37999	3806	4022	4113	32418	32940	66488	8210	6905	7641	58530	59244	55497	5195	4707	5334
14:43:20	29	18992	10516	3005	958	26470	24220	10758	1243	16077	11939	2591	899	13313	8690	2409	910	14128	10179	2808	936	6694	5025	1613	860	14945	14160	4990	1097	24328	16059	2732	987	14560	10406	2691	955	20715	15348	3998	1020	21850	17336	6330	1120	24018	17513	4717	1071	19788	14090	3781	1027	21474	17347	4707	1056	28226	22119	6394	1114	28278	25529	13861	1294	23951	20274	9795	1170	27503	23528	12870	1250	749	808	3862	4229	3588	29121	5193	38769	39060	3832	4101	4093	34001	34000	68964	8258	7062	7617	58943	59878	56752	5222	4769	5363
14:59:23	29.1	19685	10824	3071	976	26772	24713	10996	1291	16604	12425	2654	915	13773	9065	2452	936	14172	10593	2767	942	7113	5150	1663	866	15584	14635	5192	1127	25334	16511	2760	947	14977	10819	2694	924	21463	15741	4275	1048	22922	18336	6750	1121	24922	17975	4947	1069	20491	14718	3957	1019	22580	18130	4869	1088	28896	22692	6672	1097	29076	25981	14029	1318	24511	20976	10231	1166	28092	24345	13330	1227	731	812	3854	4231	3552	30417	5525	39751	39633	3805	4131	4105	35233	35628	70990	8244	7095	7601	59655	61235	58077	5256	4791	5278
15:15:27	29	20594	11356	3285	951	27457	25626	11524	1259	17289	12856	2783	907	14393	9419	2501	941	14989	10836	2839	946	7562	5319	1660	867	16244	15476	5370	1091	25969	17130	2854	971	15477	11077	2839	970	22041	16472	4406	1037	23413	19148	7192	1162	26069	18442	5238	1084	21635	15217	4125	1045	23401	18884	5225	1074	29634	23568	6901	1125	30259	26836	14971	1302	25298	21730	10646	1181	29382	25215	14132	1242	740	803	3869	4257	3583	30707	5689	41170	41347	3866	4066	4108	37115	36876	73119	8297	7130	7511	61063	62331	59183	5182	4654	5336
15:31:30	29.1	20687	11599	3408	953	28484	26308	12008	1261	17924	13237	2997	918	14585	9833	2541	934	15146	11395	3019	950	7830	5554	1740	858	16838	16132	5831	1105	26962	17711	2944	946	15842	11712	2971	955	22814	16958	4639	1057	24316	20005	7518	1145	26744	19293	5462	1031	22022	15790	4252	1048	24211	19679	5470	1071	30600	24287	7035	1141	31078	27739	15316	1338	26552	22293	11097	1204	30322	26316	14551	1266	742	787	3839	4274	3521	31730	6007	42387	42288	3797	4062	4013	38312	38001	74392	8226	7041	7595	61653	63846	60255	5161	4786	5252
15:47:33	29	21761	12226	3589	947	28817	26924	12416	1253	18151	13666	3061	936	14991	10128	2689	951	15465	11694	3187	934	8489	5980	1824	882	17581	16787	6115	1114	27645	18097	3094	956	16388	11985	2989	978	23685	17647	4827	1059	25420	20789	8001	1167	27614	20045	5695	1074	22724	16266	4514	1048	24888	20342	5759	1086	31355	24509	7389	1130	32106	28794	16293	1340	27048	23459	11682	1203	31104	27132	15029	1283	760	800	3924	4337	3586	32308	6271	43234	42675	3860	3990	4093	39535	39408	76912	8286	7105	7573	63262	64800	61255	5082	4775	5301
16:03:37	29	22516	12594	3681	952	29436	27745	12858	1292	19009	14411	3180	929	15614	10753	2827	965	16235	12159	3103	955	8930	6311	1855	905	18038	17555	6401	1136	28322	18604	3232	979	16939	12363	3128	988	24680	18363	5146	1061	26176	21526	8344	1148	28783	20660	6024	1075	23471	16921	4677	1043	25573	21109	6008	1089	32114	25357	7671	1146	33346	29753	16880	1346	28507	23778	12136	1206	32422	27740	15744	1301	754	802	3931	4336	3578	32616	6676	44191	43578	3831	4074	4047	40980	40430	78370	8399	7231	7557	64189	66652	62056	5156	4723	5305
16:19:40	29	23175	13177	3839	963	30383	28191	13372	1304	19465	14681	3322	941	16146	11067	2913	969	16595	12648	3389	940	9506	6878	1918	892	18674	18045	6839	1108	29200	19488	3323	964	17492	12844	3261	970	25337	19156	5325	1075	27332	22540	8852	1199	29606	21609	6318	1083	24566	17679	4891	1057	26679	21855	6377	1109	33367	26108	8012	1154	34369	30776	17246	1385	28708	25172	12567	1239	33632	28771	16534	1326	743	794	3923	4319	3588	33219	7112	45727	44958	3845	3997	4041	42745	42061	80635	8323	7221	7453	66367	68069	63770	5071	4730	5273
16:35:44	29.1	24055	13692	4104	952	30912	29148	13671	1357	20133	15309	3527	972	16680	11522	3016	960	17092	12968	3511	958	10121	7195	2042	919	19528	18866	7203	1136	29849	20107	3511	973	18180	13382	3382	978	26177	19806	5597	1075	28523	23224	9204	1182	30821	22303	6551	1122	25187	18347	5257	1096	27613	22814	6687	1125	33668	26613	8441	1154	35284	31529	18246	1380	29955	26103	13042	1227	34433	29662	17141	1367	739	806	3974	4406	3531	33225	7281	46657	45565	3853	4048	4051	44155	43257	83121	8421	7300	7510	67209	69325	64035	5157	4659	5258
16:51:47	29	24642	14243	4310	994	31586	29551	14300	1312	20706	15935	3686	979	17530	12008	3124	967	17537	13581	3586	966	10629	7671	2051	905	20056	19683	7572	1156	30427	20638	3640	983	18712	13792	3592	998	27360	20559	6013	1078	29286	24246	9774	1194	31678	22912	6980	1136	26333	19039	5469	1095	28228	23314	6946	1117	34238	27159	8592	1153	36464	33204	18640	1436	31056	26832	13693	1255	35346	30373	17472	1329	704	814	3923	4376	3605	34311	7987	47336	46520	3842	3950	4075	45519	44346	84399	8353	7191	7348	68637	71171	65628	5072	4720	5280
17:07:51	29	25669	14753	4452	947	32691	30245	14629	1363	21300	16333	3934	985	17928	12455	3328	962	18229	14011	3803	1017	11033	7926	2028	919	20639	20299	8029	1163	31482	21335	3802	966	19248	14191	3658	976	28132	21523	6236	1061	30298	24878	10137	1220	32498	23924	7235	1122	27251	20125	5795	1069	29049	24405	7357	1133	35062	27598	8968	1194	37848	33330	19207	1412	32131	27899	14304	1284	36505	31247	18235	1368	757	798	3894	4382	3585	34702	8400	48699	47025	3846	3994	4084	46813	45345	85658	8318	7230	7337	70613	73293	67016	5112	4720	5201
17:23:54	29.1	25901	15364	4734	963	32761	30794	15104	1324	21476	16927	4038	954	18470	12950	3422	1000	18715	14419	4114	954	11114	8008	2051	908	21462	21200	8446	1160	32374	21828	3892	977	19848	14689	3844	990	29346	22043	6594	1081	30988	25596	10580	1212	32922	24331	7602	1141	27640	20519	6086	1056	29993	25180	7628	1129	34933	27991	9133	1172	38747	34208	19587	1435	32885	28671	14758	1275	36964	32039	18525	1356	751	792	3861	4325	3534	35348	8815	49280	47997	3822	3911	3992	47881	46544	86757	8303	7232	7247	71273	74664	67039	5054	4682	5164
17:39:58	29.1	26690	15890	5036	987	32851	31686	15568	1350	22121	17658	4272	990	19193	13547	3626	1004	19627	15024	4043	967	11359	8312	2153	929	22454	21987	8829	1158	32680	22636	4168	969	20450	15257	4011	972	30160	23015	7048	1079	32179	26599	11005	1238	34054	24580	7927	1134	28660	21390	6383	1067	30022	25794	7951	1125	35564	28634	9442	1212	40230	35079	19814	1454	34160	29782	15362	1313	37694	32422	19011	1375	740	780	3947	4368	3636	35925	9214	50114	48866	3832	3978	4020	48782	47640	89459	8240	7182	7191	73085	76195	69045	5022	4710	5253
17:56:02	29	27021	16366	5208	956	32924	32365	15761	1361	22591	17869	4521	978	19867	13916	3718	966	20122	15285	4272	960	11973	8587	2140	919	23022	22609	9305	1178	33236	23335	4415	993	21078	15676	4281	994	31174	23770	7341	1102	32652	27190	11605	1236	34818	25315	8131	1132	29651	21979	6733	1088	31335	26482	8308	1127	36526	29138	9686	1198	41340	35560	20688	1482	34962	30685	16017	1331	39056	33186	19741	1421	740	770	3932	4322	3608	36328	9700	51302	49271	3814	3958	3965	50253	49067	90428	8297	7125	7207	74690	77511	69902	4989	4667	5290
18:12:05	29	27733	16921	5518	982	33483	32490	16226	1373	22994	18219	4734	996	20518	14346	3990	997	20724	16120	4468	981	12594	8989	2187	932	23925	23475	9472	1166	34082	24239	4574	984	21751	16343	4431	971	31903	24821	7833	1118	33913	27710	12137	1226	35114	25728	8435	1148	30776	22956	7152	1138	31562	27626	8696	1122	36850	29733	10199	1198	42525	36044	20893	1502	36326	31607	16391	1313	39832	33806	20102	1426	764	813	4006	4366	3574	36745	10117	51679	50006	3770	3977	3974	51343	50084	92488	8255	7182	7171	76498	79551	71274	4986	4621	5271
18:28:09	29.1	27921	17627	5839	992	34205	33343	16230	1372	23342	18776	4891	1016	21123	14853	4176	984	21433	16316	4678	995	12952	9230	2280	916	24757	24145	10148	1191	34368	24475	4724	984	22133	17021	4697	990	33124	25606	8126	1121	34551	28439	12402	1256	35930	26328	8715	1158	31524	23702	7427	1133	32190	27865	8978	1147	37444	30126	10262	1205	42994	36406	21220	1509	36795	32166	16909	1354	40500	34617	20371	1418	738	814	3952	4359	3627	36393	10522	52296	50617	3736	3882	4010	52926	51145	93622	8244	7109	7114	78199	80215	72891	4895	4590	5157
18:44:12	29.1	28622	18446	6192	998	35167	33708	16915	1390	24364	19740	5138	988	21818	15386	4349	996	21960	17156	5055	971	13542	9680	2358	909	25305	25141	10648	1221	35253	25493	5057	978	23329	17525	5008	999	34021	26465	8470	1103	35612	29206	12950	1248	36574	26941	9136	1160	32811	24577	7892	1162	33212	29080	9438	1180	38087	30818	10670	1227	44243	37136	22308	1497	37951	33029	17757	1369	42490	35108	20992	1410	763	818	4025	4365	3617	36849	11148	53382	51153	3830	3911	3974	53999	52019	94855	8329	7147	7199	80176	82336	74413	4984	4665	5199
19:00:16	29	29236	18900	6420	983	35445	34534	17053	1371	24714	19911	5361	1003	22574	15886	4509	986	22804	17548	5193	1031	14086	10213	2481	917	25916	26211	10999	1214	35581	26040	5184	998	23743	18143	5170	1027	34597	27089	8964	1142	36593	29974	13406	1250	37438	27197	9445	1149	33790	25282	8302	1148	33241	29492	9868	1175	38626	31171	10859	1247	44961	38685	22245	1548	38550	33874	18432	1392	42550	35778	21362	1432	773	786	3922	4344	3582	37714	11503	53775	52060	3828	3954	3969	54973	53191	96009	8358	7199	7040	81538	83770	75844	4983	4586	5269
19:16:19	29.1	29259	19821	6834	1039	36130	35380	17331	1394	25112	20494	5558	985	23391	16425	4745	1022	23661	17963	5301	1003	14539	10487	2527	937	26906	26634	11553	1226	36249	26322	5522	1017	24591	18573	5451	1022	35229	27691	9354	1144	37509	30233	13891	1266	38046	27836	9755	1185	34298	26367	8609	1151	33880	30313	10194	1188	39272	31629	10974	1227	46648	38727	23162	1540	38847	34718	18794	1382	43800	36543	21607	1450	747	823	3968	4405	3584	38567	11766	54546	52453	3772	3939	3980	56248	53407	97702	8445	7111	7032	82652	85403	76707	4936	4642	5236
19:32:22	29.1	30002	20166	7140	997	37315	35841	17779	1391	25847	21068	5819	985	23996	16837	5000	1015	23920	18765	5564	1022	15064	10921	2646	942	27668	27328	11860	1214	36820	27231	5809	1035	25007	19190	5671	1009	35885	28482	9551	1177	37738	31494	14524	1286	38996	28613	10163	1224	35360	26994	9023	1140	34631	30952	10517	1221	40633	32641	11588	1257	47787	40178	23425	1537	39905	35577	19358	1404	44695	37597	22409	1451	736	815	3981	4432	3579	38340	12680	54748	52948	3828	3924	3907	56670	55032	98371	8179	7115	6963	84028	86123	78200	4917	4610	5202
19:48:26	29	30078	20645	7379	1030	37432	36231	17945	1394	25992	21632	6085	1002	24535	17424	5306	1000	24533	19142	5884	1026	15537	11318	2761	943	28175	27995	12149	1224	37755	27809	6063	1039	25826	19841	5910	1021	36815	28810	10005	1163	38165	31980	15149	1282	39337	29121	10286	1180	36274	27922	9346	1138	34648	31518	10900	1203	40744	32647	11548	1235	48220	40283	24010	1605	40777	36366	19444	1419	44748	37950	22653	1404	759	790	3985	4398	3593	37993	12869	55692	53572	3790	3892	3925	57989	55736	100161	8250	7153	6948	85127	87492	79137	4909	4624	5232
20:04:29	29	30223	21339	7610	1043	37467	36253	18497	1445	26458	21910	6252	1065	25384	18027	5500	1021	25304	19863	6190	1015	16280	11867	2949	927	28926	28613	12725	1228	38171	28382	6442	1041	26235	20398	6119	1011	37164	29158	10256	1152	38655	32895	15383	1303	40338	29044	10372	1200	37166	28388	9569	1146	35204	31901	11110	1207	40665	32552	11231	1289	49110	40528	23757	1600	41570	36882	20052	1454	45115	38502	22801	1472	711	785	3992	4397	3593	37781	13353	55524	53568	3778	3860	3888	58517	56351	100897	8294	7071	6907	86566	88761	79755	4947	4603	5213
20:20:33	29.1	29919	21868	7969	1059	37638	36752	18396	1450	26226	22331	6406	1050	26321	18778	5797	1017	25925	20357	6416	1027	16569	12276	3034	931	29219	29306	13073	1257	38464	28744	6603	1029	26806	21247	6367	1027	38284	29512	10531	1154	39057	32944	15998	1307	40226	29464	10517	1199	37508	28688	9864	1151	34739	31953	11219	1238	40301	32125	11285	1260	50581	39759	23992	1576	41804	37126	20189	1419	45310	38397	22752	1471	741	789	4011	4409	3580	39538	13554	56573	53495	3749	3871	3963	59788	56458	102073	8140	7045	6771	87512	89530	81407	4853	4597	5177
20:36:37	29.1	30734	22626	8253	1016	38259	37884	18912	1411	27202	23104	6836	1065	27142	19288	6153	1051	26532	21143	6698	1055	17211	12548	3265	956	29857	29479	13455	1274	39084	29461	6963	1041	27407	21604	6646	1036	39088	30337	10871	1160	39935	34308	16627	1304	41212	30121	10937	1216	38561	29407	10516	1204	35742	32792	11665	1244	40955	32975	11329	1262	50689	41292	25071	1572	42687	38028	20754	1410	46642	39825	23419	1465	732	798	3987	4403	3561	38671	14275	56689	54445	3758	3851	3860	60605	57683	103148	8089	7002	6809	88606	89815	82179	4774	4531	5175
20:52:40	29.1	30282	23036	8455	1015	37933	37713	19041	1473	27410	23404	6946	1078	27856	20180	6383	1007	27310	21662	6914	1061	17865	13059	3384	976	29841	30151	13979	1265	39853	30005	7223	1012	27666	22205	6943	1043	39622	30629	11246	1193	40536	34188	16940	1350	41265	30272	10843	1205	38996	30015	10637	1230	36464	33272	11790	1202	40875	32988	11557	1241	51766	41237	25286	1589	43506	38381	21144	1451	47241	39722	23254	1476	749	813	4012	4386	3599	38899	14744	57505	54493	3722	3871	3901	61112	58106	103866	8124	7022	6778	89183	91945	83537	4828	4572	5160
21:08:43	29.1	31036	23987	8745	1055	38322	37906	19187	1461	27903	23639	7153	1055	28668	20450	6702	1061	28089	21866	7206	1044	18296	13532	3546	966	30201	30888	14495	1257	40270	30344	7554	1069	28586	22658	7092	1054	40091	31494	11580	1177	41855	35309	17436	1325	41648	30938	11012	1225	40005	30742	11138	1176	36757	33751	12272	1228	41626	33816	11485	1239	51874	42318	25571	1642	44218	39101	21618	1491	47463	40424	23770	1505	738	810	4015	4452	3602	39315	15250	57385	54988	3792	3813	3919	62336	59048	104740	8095	7086	6617	89859	93800	83739	4838	4528	5174
21:24:47	29.1	31628	24521	9018	1044	39507	38439	19400	1469	28034	24547	7431	1064	29562	21365	7024	1058	28828	22690	7430	1038	19099	14043	3740	968	31034	31516	14770	1283	40614	31094	7904	1052	29153	23303	7476	1035	40825	32097	12092	1200	42648	35854	17893	1331	42822	31131	11369	1205	41278	31536	11501	1221	37210	34633	12383	1274	42432	34301	11985	1256	53364	43321	25799	1663	45077	39784	22108	1459	48304	41364	24203	1493	755	784	3994	4445	3578	39605	15599	58050	55234	3734	3778	3841	62822	59661	106352	8050	7047	6735	91362	93719	85616	4745	4547	5170
21:40:50	29.1	33031	24991	9315	1053	39982	39398	19576	1453	28651	25260	7803	1087	30295	21662	7304	1021	29190	23159	7863	1057	19391	14430	3929	956	31438	32285	15259	1282	41988	31382	8198	1081	30027	23793	7730	1060	41731	32717	12494	1226	43182	36601	18357	1384	43378	31415	11626	1223	41664	32222	11942	1209	37614	35089	12607	1274	42834	34976	11965	1282	54485	43927	26730	1637	45201	40608	22453	1487	49211	42258	24549	1497	758	812	4075	4410	3575	39066	16504	58401	55972	3769	3822	3895	63134	60446	107372	8114	6916	6645	91634	94946	85621	4792	4553	5135
21:56:54	29.1	33436	25477	9632	1082	40032	39259	19277	1483	28894	25650	8064	1084	30907	22242	7661	1058	29923	23535	8115	1046	20425	14914	4062	963	32005	32737	15511	1283	41949	31876	8521	1078	30642	24574	8056	1098	42140	33431	12590	1225	43794	37413	18535	1427	43679	31893	11499	1240	42609	32621	12297	1234	38127	35279	12898	1241	42734	34795	12252	1311	55995	44241	26264	1641	45550	41136	22724	1465	49551	42344	24991	1537	732	822	4023	4477	3637	39754	17016	58667	55900	3721	3834	3949	64492	61215	107588	8169	6947	6620	92067	95422	87185	4817	4487	5180
22:12:57	29.1	33001	25799	9909	1087	40213	38930	18625	1432	29624	26240	8278	1073	31317	22960	7792	1057	30038	23944	8327	1065	20877	15339	4283	990	32501	33354	16122	1327	42548	32369	8828	1046	31156	24908	8272	1100	43091	33905	12992	1237	44685	37906	18721	1362	43972	31781	11414	1238	43528	33090	12679	1218	38185	36063	12917	1255	43570	35098	12086	1291	55910	43607	26797	1628	46427	41221	23120	1497	49703	42987	24833	1539	717	778	3995	4476	3626	39162	17334	59174	56201	3762	3773	3873	64725	61836	108251	8052	6767	6569	93144	96250	87635	4827	4512	5206
22:29:01	29.1	35177	26194	10156	1077	40574	37875	17480	1470	29977	26560	8486	1083	32187	23566	8293	1066	30954	24804	8651	1081	21324	15747	4513	991	33367	34206	16484	1322	43788	33397	9126	1071	32036	25700	8614	1084	43027	34159	13325	1261	45222	38504	19457	1420	44506	33039	11807	1221	44099	34162	13084	1221	38797	36850	13534	1252	44171	35718	12361	1284	57275	45171	27476	1646	46920	42459	23333	1539	50608	43994	25328	1558	742	781	4051	4444	3614	40236	18342	59375	56697	3740	3785	3874	65739	62646	109628	8137	6877	6642	93248	96778	88253	4804	4568	5168
22:45:04	29.1	33313	26917	10309	1098	39900	35354	16535	1485	30683	26999	8601	1099	32358	23801	8484	1114	31614	24798	8881	1078	21995	16087	4705	979	33456	34471	16876	1329	44673	33968	9253	1092	31960	25731	8681	1092	44024	34881	13394	1231	45455	38752	19541	1406	44917	32748	12027	1241	44883	34490	13379	1244	38951	36837	13451	1256	43280	35878	12448	1301	57258	45613	27267	1648	47330	41873	23264	1473	50995	43826	25447	1532	750	774	4164	4494	3543	41648	18727	59600	56603	3721	3780	3825	66750	63549	109623	8161	6893	6507	94362	98222	88818	4748	4617	5225
23:01:07	29.1	34443	27256	10528	1070	39185	32797	15494	1472	30430	26976	8823	1132	33437	24511	8679	1081	32079	25130	9116	1069	22579	16471	4927	980	33941	34869	17213	1316	44649	34490	9748	1091	32208	26619	8920	1087	44380	35274	13737	1247	45877	39241	19878	1385	44966	32788	12061	1253	45026	34979	13457	1263	38406	37217	13673	1271	43895	36066	12608	1308	58505	44433	26855	1647	47313	42250	23659	1503	50915	44474	25775	1567	752	794	4074	4424	3602	40206	19584	60439	56813	3771	3798	3871	66604	63546	111535	8071	6900	6536	95780	98867	89481	4841	4477	5178
23:17:11	29.1	35117	27590	10872	1050	37062	31226	14325	1453	30932	27563	8865	1138	33701	24947	9022	1078	32543	25660	9485	1095	23142	17136	5178	1002	34354	35440	17639	1337	45090	34888	10095	1085	32512	26952	9115	1106	44222	36029	14029	1268	46903	39421	20170	1400	44840	33055	12147	1246	45922	35776	13747	1239	39169	37693	13685	1291	44495	35712	12830	1313	58334	45144	26811	1682	47160	42786	23794	1524	51007	44919	25777	1569	755	808	4009	4422	3587	40768	20709	60314	57330	3774	3890	3851	68017	64118	112107	8099	6776	6519	96066	100033	90939	4717	4491	5218
23:33:14	29.1	35263	27921	11092	1105	34578	29097	13076	1440	31523	28231	8817	1129	33977	25628	9353	1077	33079	26127	9807	1111	23564	17432	5341	977	35175	35692	17720	1353	45634	35684	10173	1101	32804	27527	9420	1091	44778	36543	14013	1240	47145	39984	20200	1408	45716	33537	12174	1238	46268	35955	14077	1256	38738	37924	13778	1275	44917	36704	12754	1290	58766	45509	27327	1688	47421	43408	24090	1571	51569	45141	25929	1585	758	827	4025	4475	3625	41338	21342	61200	57613	3757	3836	3840	68105	64683	111751	8142	6914	6453	97070	99837	90856	4767	4479	5256
23:49:18	29.1	35233	28379	11241	1118	32638	26867	12207	1429	31388	27948	9055	1144	35050	26101	9753	1101	33846	26462	10014	1096	24198	17888	5671	996	35383	36384	18219	1368	45651	36291	10359	1076	33322	27884	9670	1085	45561	36287	14157	1290	48091	40532	20570	1412	45594	33609	12335	1262	46600	36442	14361	1245	38865	38669	14021	1276	44843	36472	12805	1339	60287	45011	27351	1726	47971	43963	24287	1513	51917	45084	26114	1545	750	788	4044	4508	3608	40633	22078	61112	57842	3680	3795	3847	68604	64833	112819	8058	6730	6362	96281	99840	91117	4766	4479	5204
24:05:21	29.1	35818	29397	11694	1112	30535	24335	11441	1474	31179	28934	9268	1152	35584	26823	10087	1080	34351	27047	10557	1099	24740	18657	5812	1007	35851	37027	18498	1346	45626	36759	10887	1120	33858	28512	9619	1116	46025	36528	14194	1286	48121	40741	20672	1407	45024	33159	12237	1251	47608	36811	14476	1259	38390	38373	13877	1304	43992	36216	12593	1316	59513	44045	27020	1701	46955	43579	24352	1542	51086	44526	25638	1567	737	812	3997	4411	3645	41747	22225	60787	57650	3770	3801	3876	68983	64718	112251	8005	6694	6359	97069	100796	90587	4744	4483	5148
24:21:24	29.1	36355	29107	11815	1130	28158	22364	10357	1456	31832	29106	9379	1182	35882	26341	10259	1089	34680	27473	10597	1108	25300	18985	6135	1027	36281	37715	18979	1388	46723	36766	11026	1086	34229	28913	9893	1077	45676	37415	14332	1267	48713	41144	20898	1431	45391	33685	12498	1262	47838	36971	14660	1274	39119	39100	14225	1321	45144	36638	12258	1318	60987	44956	27673	1736	47643	44702	24493	1554	52038	45881	26259	1594	763	767	4077	4449	3645	40991	23499	61204	58787	3734	3882	3808	70348	65442	111886	8016	6737	6338	97502	100736	92275	4746	4497	5143
24:37:28	29.1	35977	29458	11863	1113	25400	20110	9512	1450	30996	28735	9216	1160	35889	26723	10325	1085	34852	27489	10832	1109	25212	18935	6317	1025	35776	37240	18704	1356	45914	37323	11186	1117	33822	28689	9852	1111	46696	37284	14392	1270	48519	40837	20752	1466	44899	33563	12510	1272	47351	36917	14495	1260	38422	38254	13880	1310	44106	35914	11643	1293	60278	43823	26974	1712	46860	43737	24477	1583	51483	45247	26294	1575	745	804	4012	4425	3611	40343	24339	61795	58504	3717	3829	3794	70740	64997	114204	7976	6703	6207	97477	101615	92447	4676	4486	5114
24:53:31	29.1	37427	30478	12658	1122	23960	18708	9016	1451	32493	30091	9510	1169	37125	27561	10909	1111	35780	28405	11141	1093	26154	19909	6677	1029	37365	38276	19530	1396	47509	38241	11521	1077	35189	30044	10187	1106	47321	38957	14470	1311	50010	42297	21573	1456	46170	34145	12739	1281	48889	38082	14943	1293	39499	39669	14547	1320	44846	34426	11067	1298	61307	45089	27382	1719	48330	45726	25007	1546	53136	46387	26970	1630	744	781	4159	4488	3622	42335	25134	61861	58637	3722	3795	3854	71507	65753	115276	8026	6686	6300	98616	103408	92657	4676	4522	5225
25:09:34	29.1	38286	30536	12605	1167	21342	17146	8356	1488	32858	30048	9723	1158	37345	27989	11069	1128	36134	28604	11366	1118	26238	19967	6863	1057	37284	38379	19451	1376	47139	38555	11898	1134	34995	29890	10374	1165	47427	39074	14944	1256	49752	42835	21432	1467	46510	34434	12602	1253	49105	38232	15003	1296	39430	39661	14638	1334	43915	32051	10427	1327	60214	44289	26146	1646	48132	45483	25146	1595	52651	46549	26806	1630	732	804	4016	4418	3687	41239	25834	61858	59083	3725	3810	3830	71541	66294	114713	7956	6781	6235	98728	101648	92688	4661	4450	5130
25:25:38	29.1	38552	31501	13055	1153	19467	16151	8036	1483	32954	30820	9726	1185	38511	28905	11504	1122	36780	29207	11652	1146	27079	20832	7126	1027	37629	39048	20012	1412	48310	39388	11953	1139	35526	30704	10505	1130	47521	39470	14916	1287	50452	43045	21888	1454	46623	34629	12666	1301	49850	39218	15443	1261	39709	39950	14613	1346	42103	30056	9716	1285	59749	43066	24504	1630	48997	46195	25323	1584	53393	46908	26917	1590	752	789	4024	4498	3639	42284	26896	61915	59257	3710	3831	3807	72319	67312	115960	7970	6620	6177	99839	102306	92749	4691	4481	5226
25:41:41	29.1	38168	32327	13081	1142	17845	15078	7667	1489	33803	31567	9924	1176	38955	29479	11652	1127	37266	29760	11865	1139	27726	21292	7422	1070	37784	39656	20355	1407	48753	39568	12296	1119	36337	31097	10722	1118	48326	39937	15232	1298	51003	43684	21910	1476	46890	34798	12395	1261	50929	39059	15534	1308	40325	40590	14772	1335	39173	28428	9017	1281	57729	40542	23064	1614	49745	46839	25927	1580	53419	46607	26641	1613	747	811	4034	4444	3627	41225	27009	62760	59440	3754	3787	3845	73178	68072	115493	7943	6649	6217	99183	103938	92940	4662	4486	5225
