Time	T° mCherry:588,620	A1	A2	A3	A4	A5	A6	A7	A8	A9	A10	A11	A12	B1	B2	B3	B4	B5	B6	B7	B8	B9	B10	B11	B12	C1	C2	C3	C4	C5	C6	C7	C8	C9	C10	C11	C12	D1	D2	D3	D4	D5	D6	D7	D8	D9	D10	D11	D12	E1	E2	E3	E4	E5	E6	E7	E8	E9	E10	E11	E12	F1	F2	F3	F4	F5	F6	F7	F8	F9	F10	F11	F12	G1	G2	G3	G4	G5	G6	G7	G8	G9	G10	G11	G12	H1	H2	H3	H4	H5	H6	H7	H8	H9	H10	H11	H12
0:00:11	29	234	281	308	288	292	302	274	241	262	276	266	270	310	335	342	333	299	307	398	315	299	308	292	341	342	257	283	258	288	274	295	266	287	278	313	252	223	289	301	259	265	298	303	267	315	262	267	282	252	293	279	318	290	211	262	305	290	309	273	320	263	292	277	250	258	314	263	269	281	250	311	331	289	303	414	398	506	2318	264	1786	1561	1765	1623	2618	1381	1589	5514	554	554	636	8023	12172	6500	2803	1937	4591
0:16:15	29	236	254	248	270	293	251	251	250	247	254	263	263	326	335	304	322	315	331	409	323	297	314	292	285	315	297	274	264	262	240	314	271	266	244	278	284	260	247	270	293	260	280	248	232	279	302	245	281	284	274	258	314	267	250	294	291	249	249	264	265	260	301	267	245	272	242	282	279	311	321	300	303	254	281	365	343	409	1730	299	1554	1267	1145	1072	1813	1419	1575	5664	444	414	477	7075	7226	4966	2340	1905	3284
0:32:18	29	251	283	277	266	270	283	238	285	272	292	274	248	361	331	281	350	302	309	431	335	280	281	320	245	367	249	278	261	276	259	243	258	276	279	267	272	245	269	278	300	261	259	257	259	258	303	282	264	254	259	289	256	288	253	244	279	309	274	287	276	288	273	244	284	304	264	273	310	247	292	257	319	277	245	368	283	522	1950	292	1847	1498	1246	1401	2102	1432	1661	5305	531	471	488	7340	7563	5320	2451	1861	3442
0:48:21	29	276	295	264	254	294	293	262	266	264	306	310	230	326	328	322	322	385	350	407	334	290	231	295	287	385	279	256	260	262	287	268	297	244	263	221	282	305	263	266	338	294	273	270	288	262	244	261	265	283	278	276	263	268	275	305	274	279	309	276	286	219	301	255	253	240	296	261	246	255	306	272	319	237	256	489	262	520	2323	316	2271	1940	1687	1566	2424	1428	1852	5924	405	559	444	7923	7980	5696	2537	2035	3720
1:04:25	29	286	269	236	250	251	305	251	268	248	263	274	260	347	336	336	302	359	323	436	383	293	298	275	288	325	226	291	258	298	261	299	262	279	223	268	261	250	258	292	290	243	285	277	250	239	266	247	267	264	276	277	272	319	265	301	274	308	289	260	281	265	295	261	253	252	271	318	295	262	244	259	298	264	333	531	277	492	2590	235	2599	2274	1771	1715	2982	1521	1864	5728	525	483	517	8586	8692	5969	3064	2116	4130
1:20:28	29	257	268	274	279	290	249	273	276	270	277	280	253	349	357	312	300	335	341	442	365	275	311	289	314	331	233	303	274	279	250	272	267	273	251	285	253	276	259	265	265	283	263	234	272	289	285	295	245	268	265	276	292	276	262	287	264	295	251	248	288	248	288	332	303	289	259	283	286	251	265	290	297	257	269	298	305	490	2837	271	2847	2533	2134	1978	3425	1502	2000	6347	558	469	504	9341	9173	6556	3029	2212	4651
1:36:32	29	261	252	271	260	295	293	273	305	263	265	234	253	403	309	343	341	405	365	419	351	305	322	303	295	356	292	269	266	267	323	258	303	286	246	238	279	255	298	244	288	241	277	273	256	256	277	269	253	288	329	283	315	272	308	306	268	312	270	317	292	289	266	294	296	261	243	274	337	253	296	299	280	243	277	284	324	487	3410	284	2985	2886	2382	2200	3297	1599	2030	6408	554	587	590	9289	9529	6739	3096	2122	4622
1:52:35	29.1	298	242	220	270	260	308	304	264	294	272	258	252	362	350	360	364	381	386	440	394	319	319	287	321	330	264	255	298	275	294	230	246	308	249	267	257	246	267	252	261	275	263	270	246	236	277	273	278	246	279	259	264	279	276	277	283	285	277	287	293	280	331	306	269	255	245	266	282	306	295	271	317	231	291	284	303	445	3460	272	3207	2962	2631	2342	3310	1533	2024	6801	535	456	652	10053	10267	7068	3399	2371	4922
2:08:39	29.1	273	276	270	308	283	287	315	324	267	278	281	277	392	358	386	368	408	349	490	391	340	285	298	325	356	280	235	250	342	268	265	295	265	273	264	279	241	304	241	288	248	299	248	304	272	286	261	275	278	307	286	298	284	331	301	303	301	302	316	291	312	288	297	283	293	267	260	255	283	263	295	306	266	297	298	272	392	3514	291	3470	3523	2909	2582	4152	1603	2037	7781	616	552	670	10508	10542	7299	3257	2328	5253
2:24:42	29.1	270	248	277	295	275	312	298	283	270	278	274	272	442	369	360	378	435	386	460	381	305	291	299	312	320	274	235	288	275	296	276	270	271	253	236	273	275	279	286	274	271	277	284	284	268	251	272	281	288	301	296	296	277	307	300	313	336	250	289	292	277	301	278	274	311	241	276	254	283	301	310	303	250	301	337	322	480	3929	282	3831	3684	3280	2874	4174	1434	2077	8460	721	668	877	11357	11841	7955	3528	2633	5719
2:40:45	29.1	217	259	289	266	294	279	299	302	249	277	273	266	460	392	355	397	481	412	403	378	365	344	286	311	323	270	256	245	304	308	291	291	261	253	289	257	259	279	270	277	277	265	300	260	275	288	270	275	278	307	291	302	306	313	296	291	308	276	329	340	287	290	275	328	240	274	240	279	278	280	293	331	271	268	302	245	488	4275	285	4204	4042	3404	3324	5059	1644	2184	9154	952	631	1260	11957	12739	8436	4047	3061	6233
2:56:49	29.1	281	265	260	252	277	271	321	307	257	269	269	267	478	425	405	378	513	385	489	415	315	333	287	342	381	278	240	294	357	332	253	263	256	314	295	242	272	318	241	308	268	254	255	288	293	247	289	270	279	328	254	282	295	310	297	311	324	339	297	308	288	268	251	272	292	285	304	260	320	280	264	301	241	271	310	281	499	5013	307	4724	4694	3713	3423	5327	1691	2350	10614	1167	743	1794	13218	14055	9515	4539	3516	7205
3:12:52	29.1	282	262	300	252	309	329	309	347	264	274	293	269	531	415	428	425	525	455	496	424	365	344	359	346	403	239	273	277	292	318	262	272	270	285	264	264	311	295	314	263	249	266	268	272	273	242	264	288	278	304	281	269	338	322	293	301	330	400	323	293	295	282	312	290	263	281	278	273	285	268	296	319	302	278	284	270	487	5449	316	5075	5366	3986	4036	6181	1827	2390	11861	1608	835	2347	14810	16206	10356	4672	3992	8510
3:28:55	29.1	281	234	309	300	314	326	299	328	278	274	271	282	561	441	372	454	537	495	497	450	354	326	315	344	409	271	266	290	287	348	257	317	298	256	258	291	264	262	252	267	265	260	263	274	309	286	269	253	298	287	305	281	305	302	342	294	310	346	310	330	307	296	287	325	282	307	302	289	286	322	325	288	275	318	488	297	436	6045	332	6027	6362	4704	4574	6559	2038	2985	13682	2113	1106	3064	16613	18702	12096	5764	4101	9804
3:44:59	29.1	307	272	268	262	331	286	300	362	309	249	263	229	581	500	473	432	614	518	456	448	410	383	301	336	372	252	259	315	329	297	275	269	304	285	305	269	285	285	296	296	261	277	314	281	313	308	291	299	295	317	350	311	340	317	320	321	340	352	338	337	277	304	282	266	285	326	322	288	288	313	293	312	247	288	356	259	464	6828	318	7257	7309	5465	5364	7671	2484	3400	15984	3007	1346	4031	18919	20923	13938	6485	4956	11379
4:01:02	29.1	248	288	290	247	280	297	316	293	308	262	231	261	621	494	467	407	632	584	532	445	407	361	331	308	345	260	281	267	337	341	295	261	280	285	269	310	269	271	277	306	321	253	298	259	295	312	289	297	325	275	295	323	320	331	299	329	384	341	376	341	302	304	299	326	322	289	313	304	305	321	301	296	253	293	335	264	475	7984	320	8218	8949	6129	5844	9010	2832	3865	18386	3738	1729	5271	21907	24206	15773	7420	5958	13121
4:17:06	29.1	305	281	287	276	308	354	279	322	329	318	271	273	669	533	473	456	677	535	595	455	391	364	370	320	379	238	306	302	342	345	259	279	281	265	264	295	282	315	295	287	243	326	297	267	300	297	282	295	307	311	325	336	338	336	346	337	365	354	359	368	342	299	334	314	319	287	314	306	283	340	318	360	258	277	373	281	381	8802	354	9447	9360	6183	6284	9499	3184	4485	20520	4789	2406	6303	23999	25718	17182	8645	5942	13808
4:33:09	29.1	313	280	311	261	351	287	295	337	316	285	269	293	707	568	468	454	693	654	579	466	426	352	403	343	321	279	278	272	354	307	260	259	299	283	283	286	292	327	319	265	320	276	275	312	308	335	324	325	295	359	352	347	342	341	363	347	398	340	380	389	290	308	345	305	315	306	291	291	351	318	331	327	274	312	264	307	506	10535	379	10653	11411	7606	7914	11725	4096	5522	24003	5962	2879	7831	28866	30279	21024	10346	7759	17013
4:49:13	29.1	302	300	287	275	313	322	356	372	291	328	294	239	762	576	542	450	765	685	637	472	412	398	367	341	374	251	295	274	321	325	282	283	277	286	340	277	341	277	281	283	290	264	289	292	362	286	342	259	309	331	280	292	306	314	368	310	363	337	349	316	317	333	309	306	307	319	326	308	357	281	286	364	232	271	274	281	468	12151	372	12872	13531	8383	8941	13545	5063	6576	27449	7282	3537	9321	31672	34265	23756	12195	8827	19881
5:05:16	29.1	294	303	299	290	368	365	385	338	299	297	275	277	790	633	567	437	742	658	665	487	440	423	403	349	377	274	284	263	328	336	293	294	275	269	260	285	292	282	298	275	285	288	264	249	333	300	343	301	367	352	315	306	366	319	324	346	399	389	413	392	347	327	355	353	304	368	328	318	317	336	341	403	269	298	247	275	499	12598	360	14039	15542	9170	10056	13911	6136	7826	31816	8349	4454	11083	35088	37801	27117	13235	10038	22197
5:21:19	29.1	325	309	278	270	368	339	400	403	292	297	287	283	849	651	614	491	831	734	726	537	511	462	405	374	382	290	287	281	386	361	274	257	352	335	292	263	321	311	313	301	288	299	303	302	346	340	331	327	342	353	341	317	378	357	353	328	430	424	404	390	337	336	333	317	357	337	351	347	356	305	349	392	301	281	276	299	422	13959	405	15819	17947	10257	10694	15798	7353	9545	37006	9537	5150	12665	38634	40823	30541	15225	11784	24503
5:37:23	29.1	334	294	272	300	369	364	368	322	298	283	306	278	872	673	638	537	989	714	697	498	521	459	367	344	329	279	292	272	350	340	291	293	314	311	297	264	372	318	296	303	284	310	326	282	372	361	305	299	365	322	346	364	375	383	358	305	418	400	399	384	369	327	353	413	343	323	312	340	361	380	321	361	246	308	520	281	514	15238	404	18718	20116	11120	12285	17211	8674	11175	40382	11312	6258	14608	43449	44141	33331	16766	13270	27623
5:53:27	29.1	296	294	281	260	379	349	366	381	317	301	291	309	991	777	650	512	949	800	856	535	528	426	401	369	383	266	306	318	371	314	277	310	267	294	308	298	308	298	274	255	296	289	284	269	394	318	322	313	391	377	353	345	375	411	404	350	467	406	424	418	362	318	370	360	353	346	312	354	337	372	365	393	242	309	427	293	526	16666	447	20449	22540	12066	13617	18071	10277	13033	45254	12829	7387	16607	46813	49649	36849	19051	14654	30611
6:09:30	29.1	306	294	281	277	400	385	350	379	331	291	259	296	971	793	684	530	1026	869	788	529	556	499	454	383	390	277	274	269	354	295	300	248	273	349	324	305	319	311	305	327	344	335	329	316	380	329	349	333	392	374	358	338	388	398	379	325	511	418	433	406	380	352	369	360	376	367	349	374	367	333	343	377	258	318	317	293	525	18300	491	23377	25005	12082	14817	20901	12005	15506	49559	14792	8075	18931	51705	52982	39931	19759	15687	32271
6:25:34	29.1	367	312	313	288	428	379	399	396	290	343	318	295	1057	873	713	567	1091	919	895	551	540	504	507	406	370	297	329	290	387	355	288	270	313	312	325	268	333	312	340	317	321	310	284	336	353	347	338	312	418	379	390	365	409	380	376	382	480	462	492	459	409	382	370	367	374	365	354	321	381	403	355	364	308	273	527	273	541	19477	493	25884	27371	12254	15861	22239	13939	18231	54147	16786	9335	20484	56328	56871	43307	22534	16885	34734
6:41:37	29.1	318	325	320	307	447	433	437	407	322	312	296	321	1109	849	784	557	1164	1076	857	586	606	518	492	363	399	287	357	334	361	389	301	288	308	314	341	313	376	334	337	331	325	346	329	319	367	362	380	322	355	338	428	328	435	397	386	375	547	523	480	507	394	364	368	383	336	323	342	314	358	411	392	360	256	305	633	287	469	20781	591	27963	29202	12903	15737	23301	16447	20544	56781	18432	10451	22044	60006	57806	46359	23516	17436	36924
6:57:41	29.1	349	329	319	315	403	455	467	401	385	338	307	266	1174	997	867	567	1207	1089	941	569	558	526	483	386	405	332	334	290	431	376	319	319	330	277	328	313	357	366	322	340	345	318	343	316	385	337	381	345	396	373	426	356	429	447	400	358	543	525	548	407	391	381	412	384	374	393	344	336	366	331	369	416	259	301	617	306	525	22062	606	30346	31515	13344	16547	23361	19092	23747	63127	20938	11612	23762	66212	62887	51084	27337	19520	39716
7:13:44	29.1	379	364	304	304	424	425	441	433	347	342	325	296	1252	954	886	516	1265	1128	889	595	578	585	553	327	364	324	305	317	407	354	310	299	323	328	394	276	388	353	307	322	339	368	344	336	419	386	320	330	473	389	412	358	468	436	473	408	594	509	502	461	413	408	385	391	364	342	360	379	416	402	386	388	251	304	384	309	529	24131	686	34208	34430	13990	17377	23708	21087	26646	69510	22784	12988	23319	71075	64971	56290	29522	19496	41819
7:29:47	29.1	361	289	341	304	443	450	476	430	392	337	289	282	1286	1043	897	597	1286	1189	1000	633	665	573	551	351	423	315	317	317	444	367	299	324	325	332	340	298	403	356	339	349	372	334	360	331	405	398	394	359	398	383	368	358	402	395	441	404	588	564	531	523	463	412	396	392	358	366	379	344	417	438	435	447	281	267	305	291	435	25310	823	36310	36059	15007	17815	23524	24059	30086	74504	24204	13905	23769	74849	68184	56032	30831	20662	42683
7:45:51	29.1	379	346	317	333	475	442	483	442	363	362	296	319	1349	1188	959	621	1372	1157	1114	671	709	615	637	407	375	309	352	311	465	396	322	274	406	320	336	283	381	374	347	320	409	356	306	327	424	350	397	339	389	437	423	415	510	461	486	408	615	589	551	473	415	425	411	419	413	375	384	362	412	408	432	389	277	270	268	276	404	27625	827	39039	39013	14845	18511	23867	27298	33415	79735	26802	15769	24333	73637	69981	58307	31040	21913	44066
8:01:54	29.1	370	325	327	291	509	469	489	463	350	333	317	321	1396	1144	1041	622	1499	1283	1100	653	721	688	577	402	412	366	323	333	426	355	315	310	344	331	372	289	385	378	359	328	384	385	368	335	406	390	422	359	443	431	445	381	558	480	476	456	733	656	604	520	469	465	465	451	387	442	403	388	406	468	421	443	260	270	327	281	418	30052	927	42125	41835	16066	19394	24915	29954	35693	87481	27548	16890	25240	78148	72098	61880	32276	22891	46457
8:17:58	29.1	392	356	355	290	559	501	487	436	360	409	368	358	1545	1238	983	643	1565	1360	1221	689	754	772	664	431	417	338	388	331	446	410	334	279	383	359	361	332	415	395	393	382	364	423	356	342	450	428	458	387	452	409	469	401	564	530	506	447	663	646	635	488	490	432	506	496	408	437	394	379	428	431	423	393	258	254	485	287	379	31195	1059	46070	46008	16631	20129	25231	34886	39953	93938	27769	17945	25541	80932	74937	63918	32802	24158	47497
8:34:01	29.1	423	355	335	298	548	506	531	440	409	371	305	326	1674	1331	1116	689	1614	1457	1157	702	785	700	609	437	434	364	386	365	482	429	384	315	363	377	364	318	406	370	358	381	380	374	350	360	494	446	420	395	473	490	432	433	616	521	495	457	750	667	656	541	497	495	464	505	420	405	403	410	466	445	448	477	272	306	347	379	440	34649	1248	46049	45576	17301	21450	26543	36537	41952	92826	26190	19138	25719	84190	79378	67994	33548	25063	48977
8:50:05	29.1	399	342	336	298	526	473	512	434	411	371	332	367	1659	1460	1186	730	1625	1472	1199	762	809	740	704	441	503	404	361	362	477	423	357	280	336	336	355	334	432	430	405	340	407	421	384	378	533	437	468	371	515	482	476	430	620	552	545	446	705	696	620	557	548	478	502	463	426	462	476	444	480	405	453	498	269	264	607	283	469	37735	1344	47894	45842	17804	22046	27869	40723	45721	95300	26263	19183	25393	85687	81964	70018	33694	26323	49140
9:06:08	29.1	464	331	341	289	501	488	543	435	404	378	326	338	1807	1528	1293	709	1834	1506	1230	786	906	737	726	412	444	421	372	368	519	456	345	319	393	348	421	277	485	434	400	340	405	387	430	397	522	466	442	461	510	487	482	414	603	563	540	442	744	703	715	573	505	522	493	495	452	432	411	419	442	502	468	438	265	275	544	309	497	41030	1463	48434	47098	18272	23436	29041	43109	49471	97297	27519	18633	24654	88955	83900	72889	35994	28107	49021
9:22:11	29.1	408	386	364	284	515	577	497	424	363	411	329	361	1833	1492	1325	744	1949	1750	1439	799	957	863	724	502	474	375	388	365	509	455	358	325	367	399	346	331	436	483	367	397	437	426	450	368	552	524	483	408	566	567	533	388	649	616	653	497	806	725	689	518	543	526	545	521	477	476	470	386	494	439	511	502	290	295	534	271	456	42642	1618	49921	48721	19709	24219	29614	46705	52320	OVRFLW	26453	18662	23620	86917	84438	74841	36918	29851	49810
9:38:15	29	450	349	389	397	541	510	511	440	442	397	353	346	2038	1605	1436	795	1968	1788	1477	873	928	895	872	486	473	452	377	349	550	457	341	364	425	375	407	349	473	475	393	390	469	431	450	357	507	531	520	402	601	536	523	433	669	681	589	506	759	769	685	550	581	561	509	552	486	476	458	432	547	502	491	515	234	265	443	264	481	45718	1748	51550	50667	20319	25311	30849	48925	55659	OVRFLW	26937	18706	23150	89635	87618	78214	38171	31389	49428
9:54:18	29.1	464	379	384	302	554	588	587	477	401	437	336	387	2152	1736	1451	845	2103	1787	1560	828	1076	855	862	530	491	407	421	346	609	481	370	301	401	443	416	335	486	528	426	407	447	435	473	422	537	522	523	426	616	566	576	465	685	747	674	464	756	698	743	574	537	530	569	491	468	444	494	484	522	568	517	527	244	286	372	326	481	46961	1810	53628	52533	21239	26062	31323	54797	60015	OVRFLW	27181	18906	22505	92004	88459	81078	38648	33333	49587
10:10:22	29	488	398	427	350	542	563	543	441	448	493	403	369	2284	1862	1556	804	2255	2003	1765	868	1125	975	939	464	502	467	420	362	613	507	371	331	425	369	413	368	508	435	436	405	497	486	492	454	558	520	547	426	633	636	598	498	709	769	686	534	779	726	767	564	522	567	564	547	483	593	487	431	514	577	617	554	246	279	345	299	444	49160	1894	54071	53822	21278	26769	31679	58950	60625	OVRFLW	26417	19942	21655	92532	89056	84222	39415	34298	48437
10:26:25	29.1	565	395	444	378	562	604	601	485	504	448	404	397	2556	1968	1739	933	2382	2005	1758	1009	1098	1071	1035	499	545	413	446	358	590	516	410	306	459	374	426	366	479	504	455	417	550	511	515	458	566	594	579	460	708	573	609	456	734	777	712	575	802	773	759	570	538	496	632	492	540	530	539	543	522	570	521	543	230	255	318	394	419	52583	2105	56270	54934	21957	26889	32371	62600	63772	OVRFLW	26648	20213	20785	92577	89280	84873	39907	34281	48363
10:42:29	29.1	547	353	441	398	568	575	560	457	512	461	407	389	2744	2128	1694	908	2588	2209	1960	1015	1230	1144	997	572	548	481	429	418	601	528	384	345	444	410	393	408	574	467	495	434	534	528	480	376	602	565	545	470	646	641	618	559	753	795	804	625	873	785	748	580	580	598	630	566	562	582	580	539	682	523	593	592	262	254	331	289	397	53448	2427	57933	56435	21974	26938	32243	67927	62725	OVRFLW	24939	20843	19795	92272	91113	86505	40375	35703	48179
10:58:32	29	520	417	424	379	551	560	528	504	541	532	449	382	2691	2266	2040	987	2717	2372	1979	1089	1235	1117	1065	539	549	459	479	412	611	506	388	360	486	457	411	364	549	558	446	455	550	466	484	422	537	519	542	450	734	697	638	498	808	764	776	550	847	764	752	554	542	625	587	601	587	606	554	483	578	572	557	562	265	243	273	316	456	55535	2784	58766	57658	22034	26557	31735	72327	64020	OVRFLW	24384	20370	19134	92628	90798	87977	39867	35804	47129
11:14:35	29.1	577	445	467	393	598	567	540	503	535	474	426	401	3008	2473	1987	925	2818	2427	2031	1001	1357	1157	1153	529	569	488	490	435	617	537	423	357	484	477	476	338	529	559	538	498	586	537	473	440	574	507	566	396	728	706	651	484	774	822	737	576	894	791	725	575	571	605	525	518	583	609	584	540	602	618	605	566	288	274	297	282	450	57208	3042	59926	60720	22536	27603	31988	76487	66111	OVRFLW	23747	20604	18343	92517	90428	88706	40469	36702	46608
11:30:39	29.1	568	458	430	426	608	572	556	440	561	569	429	480	3326	2486	2313	1087	3095	2590	2180	1148	1350	1270	1237	632	587	514	523	422	644	580	384	341	476	457	500	365	536	593	602	476	585	580	549	432	522	537	584	433	749	718	788	526	846	805	822	525	911	727	853	597	596	611	602	595	671	629	555	556	600	563	584	539	222	312	282	281	442	58154	3477	61493	62364	22638	27484	31759	79839	69707	OVRFLW	22988	20217	17458	92915	91263	90687	40960	36138	46139
11:46:42	29	577	430	443	424	647	612	602	548	526	522	463	458	3304	2763	2340	1094	3402	2831	2448	1247	1551	1366	1353	585	581	562	559	440	596	584	407	369	465	463	470	383	576	633	537	384	600	598	521	481	575	602	516	485	825	764	724	588	887	881	789	583	857	869	844	568	598	665	591	579	624	614	587	530	620	579	673	633	237	276	341	310	444	59088	3924	63265	62945	22135	26797	31640	77985	70844	OVRFLW	21768	20108	16879	92128	90261	91597	40285	36604	45542
12:02:46	29	594	536	413	380	676	634	629	527	554	556	472	418	3549	2812	2471	1182	3519	2742	2480	1168	1637	1395	1364	649	584	541	489	423	587	622	457	348	498	502	491	394	526	627	582	480	576	543	531	456	596	623	540	480	799	794	754	522	906	846	743	553	832	886	833	619	629	657	609	591	597	634	592	567	579	572	635	526	242	295	321	326	489	60109	4323	65567	64328	22034	26436	31763	78516	71607	OVRFLW	20818	19356	16366	91696	90540	91801	40242	36524	44950
12:18:49	29.1	577	482	445	403	647	641	659	503	549	623	424	433	3890	3333	2715	1263	3530	3202	2485	1283	1704	1583	1574	570	602	547	548	446	627	638	395	384	595	477	472	403	560	628	549	468	595	629	602	462	595	603	532	418	789	823	728	598	869	834	847	602	902	850	773	583	679	665	656	534	617	588	638	531	610	589	582	582	273	265	326	316	442	60690	5014	66638	65340	22502	26509	31209	79528	73675	OVRFLW	20420	19263	16087	91476	90378	91469	39904	35882	45216
12:34:53	29	561	537	510	447	579	646	614	523	563	589	514	467	3921	3258	2784	1231	3823	3342	2682	1411	1904	1564	1498	654	589	553	522	427	628	570	459	351	602	544	493	413	553	616	588	446	618	568	588	449	587	610	525	482	796	767	739	609	904	863	854	564	891	902	817	570	621	669	636	577	661	626	613	572	656	639	649	554	257	241	349	281	441	60249	5487	66929	66172	21785	26499	30591	80016	76585	OVRFLW	19378	18513	15172	92257	89992	92392	39940	35976	44148
12:50:56	29	560	551	510	440	653	624	680	482	605	587	475	455	4160	3513	2890	1368	4192	3692	2793	1482	1932	1760	1588	659	640	572	523	476	580	614	480	404	611	598	524	466	585	604	558	415	594	640	569	436	642	598	578	434	809	833	774	640	898	884	833	557	946	838	864	630	599	665	630	572	646	635	614	517	671	596	612	626	261	232	357	327	412	61510	6155	68253	66083	21634	25831	30848	83121	78756	OVRFLW	19117	18131	14795	91070	90210	92058	39383	35602	44075
13:06:59	29	612	540	537	445	694	673	635	502	582	593	491	426	4534	3621	3148	1420	4663	3971	3131	1446	2010	1822	1635	723	636	589	520	486	631	636	468	342	582	558	546	462	545	649	580	440	627	560	593	488	686	612	576	479	829	847	820	584	915	895	821	600	955	889	864	588	675	651	670	564	602	618	621	518	669	637	691	639	273	281	304	347	449	61023	7065	68099	66860	21236	25574	30731	85783	80332	OVRFLW	18216	17338	14378	91447	90047	92012	38939	35799	43992
13:23:03	29.1	643	565	527	441	668	647	642	490	575	608	532	451	4751	4046	3424	1452	4708	4268	3531	1646	2113	1923	1812	755	614	606	531	418	635	588	502	408	600	640	554	396	618	614	573	429	634	606	592	447	652	645	633	507	890	848	851	557	926	967	843	648	977	917	930	663	688	737	734	609	653	632	620	611	635	609	614	614	234	302	288	322	382	60989	7703	69102	66329	21430	25490	30532	88513	80933	OVRFLW	17786	16494	14175	89872	90302	93373	38688	35089	43470
13:39:06	29.1	592	612	532	410	675	672	623	550	617	617	486	418	5275	4493	3562	1560	4961	4410	3676	1652	2231	2063	1975	799	709	569	576	453	687	621	500	439	618	504	524	482	637	581	569	471	628	607	606	487	673	598	602	458	847	887	822	565	938	933	898	602	953	944	893	624	646	619	722	591	660	667	682	525	693	641	666	602	275	289	312	286	458	60217	8346	69564	67296	21237	25048	29943	89257	81695	OVRFLW	17152	15836	13745	89719	89914	92738	38099	34633	42972
13:55:10	29	644	567	572	467	697	660	639	507	627	599	508	433	5248	4477	3866	1701	5138	4728	3796	1782	2259	2249	1959	813	635	581	605	469	661	631	551	400	584	615	639	440	631	623	590	462	684	635	628	476	651	610	593	452	884	871	857	570	1039	1009	855	609	1052	895	859	575	716	699	638	627	744	647	692	613	694	647	668	601	233	287	334	435	447	59950	9337	69761	67555	21074	25247	29763	91729	83232	OVRFLW	16664	15822	13458	89667	89679	92113	37885	34729	42719
14:11:13	29.1	647	568	558	482	672	657	642	600	625	598	488	457	5428	5002	4120	1634	5384	4776	4045	1626	2628	2187	2124	830	697	595	619	436	665	657	568	477	683	602	590	418	637	605	599	468	680	619	623	471	624	635	520	451	954	912	874	612	1041	963	908	621	1029	965	917	653	632	772	696	647	645	602	603	590	689	668	671	595	272	284	290	633	431	60127	10189	70852	66723	20940	25155	29420	93254	84519	OVRFLW	15849	15232	13073	89661	89931	92633	37774	34499	42939
14:27:16	29	638	613	557	495	709	710	671	560	640	591	566	434	5710	5161	4175	1787	5668	4990	4156	1790	2770	2439	2278	844	663	649	591	493	689	646	596	496	585	571	554	435	636	664	633	468	643	643	667	404	645	655	609	424	943	962	911	583	1067	1019	866	609	980	930	943	726	708	695	710	652	640	690	699	626	692	706	651	558	257	265	330	298	509	59941	11882	70111	67243	20864	24669	29359	93843	84527	OVRFLW	15601	14704	12628	88286	89594	92635	37994	34141	42549
14:43:20	29.1	584	569	544	491	716	732	600	565	623	625	528	438	5813	5283	4437	1818	5711	4967	4236	1643	2784	2510	2454	902	723	679	621	455	658	650	549	435	657	603	640	472	662	654	609	530	757	711	695	541	642	707	575	489	926	945	912	523	1002	1042	904	647	1042	989	854	652	691	686	727	683	733	715	644	568	741	671	685	621	240	291	337	303	495	60085	13284	69875	66875	20804	25040	29644	94051	84795	OVRFLW	15330	13888	12304	87969	89054	91069	37124	34203	42031
14:59:23	29	640	571	533	451	697	738	648	575	684	594	526	451	6219	5567	4634	1791	5717	5372	4321	1679	2994	2822	2560	965	657	676	640	465	685	671	546	472	582	635	575	452	644	654	599	477	667	661	686	496	728	666	587	447	947	919	926	605	1069	1075	958	636	1016	1003	911	680	695	715	678	592	716	671	735	701	733	699	702	680	233	278	380	329	486	58612	14836	70880	67740	21055	24521	28675	94831	84965	OVRFLW	14717	13631	11892	88356	88811	91732	37488	33922	41826
15:15:27	29	592	607	544	483	714	752	710	574	681	642	546	443	6235	5656	4568	1745	5954	5549	4322	1807	3193	2794	2706	1028	722	667	681	499	671	696	485	441	608	615	604	466	714	669	627	490	714	702	687	481	728	665	590	485	1035	931	963	648	1089	1084	954	638	1070	1029	968	632	695	748	665	596	708	722	725	595	683	753	741	654	240	273	319	307	389	59432	15859	70446	66701	20939	24548	29129	94454	84680	OVRFLW	14645	12998	11515	87886	89981	91288	37280	34077	41737
15:31:30	29	688	567	535	413	761	770	643	513	628	658	536	425	6597	5732	4702	1864	6020	5530	4534	1727	3349	3006	2815	1084	781	614	655	439	713	679	551	416	648	561	612	431	687	665	658	526	777	757	656	490	688	638	619	489	1045	965	911	635	1062	1066	957	594	1071	1040	996	625	694	781	763	648	655	690	707	565	758	748	671	681	266	270	297	282	457	58607	17480	69309	66607	20416	24658	29056	93846	84268	OVRFLW	14445	12706	11428	88515	92277	90414	36495	33456	41265
15:47:33	29	714	560	578	476	778	730	691	594	598	594	578	435	6683	5823	5012	1911	6464	6131	4616	1867	3776	3281	3114	1108	676	660	613	432	752	636	556	455	623	607	580	454	703	685	634	540	675	720	716	486	723	693	628	467	1051	1002	936	628	1063	1101	1030	597	1005	979	908	672	757	760	788	682	703	747	716	589	730	694	704	666	282	257	286	342	456	57989	18913	69492	66419	20662	24404	29084	93949	83560	OVRFLW	14087	12613	11210	91533	93059	90232	36736	33541	41213
16:03:37	29	688	613	624	464	809	728	708	595	602	616	562	445	6909	5950	5235	1971	6693	6103	5081	1884	3782	3629	3226	1157	763	675	714	489	740	677	590	435	638	613	603	510	689	689	617	503	711	729	641	468	625	657	647	489	1056	1021	990	605	1096	1062	1055	620	1054	1020	996	682	644	789	644	702	747	702	656	594	709	688	750	694	284	275	299	384	427	57271	20889	69155	65761	20073	24310	28737	94481	84169	OVRFLW	13578	11841	10679	93324	95230	89602	36356	33159	40990
16:19:40	29	793	585	581	493	786	775	738	616	674	681	521	439	7147	6706	5545	1973	6785	6386	5114	1844	4035	4025	3512	1232	841	692	666	512	717	723	593	447	681	620	616	502	760	668	619	499	750	752	684	533	709	659	642	555	1051	1020	1002	640	1056	1089	990	631	1069	1070	967	673	828	770	759	697	745	744	743	608	757	748	701	658	251	265	289	308	459	56871	23130	68510	65195	20539	24102	28935	93908	84077	OVRFLW	13871	11901	10636	95611	96701	90036	36703	32535	41498
16:35:44	29	694	642	592	488	742	716	751	593	645	664	568	443	7528	6854	5824	2121	7054	6469	5239	2029	4279	3964	3691	1299	674	751	676	509	759	680	609	474	663	675	594	498	744	681	638	542	754	746	681	488	805	689	680	536	1009	999	959	710	1100	1119	1031	746	1174	1092	1021	661	723	754	775	656	783	748	676	559	774	745	736	649	258	302	308	319	480	56823	25046	68822	64407	20201	24285	28812	93401	83549	OVRFLW	12897	11392	10445	96696	97410	89694	36365	32584	40692
16:51:47	29	681	632	597	511	805	680	760	647	672	618	567	450	7649	7183	5763	2007	7340	6834	5550	1970	4320	4061	3815	1318	814	656	649	500	709	702	559	438	637	601	564	529	701	694	735	507	772	794	669	488	733	687	656	573	1096	1065	999	674	1124	1126	979	651	1153	1117	916	726	804	817	774	671	791	717	741	667	793	773	767	646	256	244	345	295	458	56212	27253	68016	64632	20229	24038	28993	93351	82532	OVRFLW	12691	11017	10145	97396	OVRFLW	90494	35388	32730	40285
17:07:51	29	760	625	608	517	757	684	781	614	643	672	560	444	7909	7473	6259	2186	7615	7307	5580	2039	4771	4511	3871	1396	716	746	687	588	732	713	627	435	673	619	707	493	726	766	658	503	815	801	700	458	774	718	634	501	1059	1091	958	618	1105	1206	987	751	1122	1067	946	647	778	836	811	668	836	735	778	593	740	790	696	660	254	244	283	308	446	55542	28667	67523	64606	20300	23788	27995	92814	82918	OVRFLW	12397	11017	9928	97747	OVRFLW	90419	35972	32355	40704
17:23:54	29.1	828	635	640	454	681	804	788	595	684	708	518	483	8209	7511	6438	2262	7937	7110	6056	2041	4728	4522	3945	1403	752	738	735	496	780	721	598	505	713	647	590	523	755	779	665	547	788	852	744	524	766	715	661	503	1089	1140	943	708	1138	1129	941	710	1050	1056	971	679	860	813	786	735	758	737	704	616	726	777	736	693	279	267	245	282	414	55382	30515	67736	63995	19809	23951	28565	90729	82597	OVRFLW	12251	10345	9696	OVRFLW	97817	90977	35198	31797	40364
17:39:58	29.1	736	680	663	494	753	814	764	604	672	676	624	526	8339	8085	6553	2318	8245	7327	6126	2105	5099	4571	4237	1488	802	705	736	520	785	693	628	476	705	670	641	470	817	739	749	553	706	800	707	549	703	697	664	489	1125	1114	1025	700	1129	1242	1036	648	1226	1058	938	648	801	860	783	659	828	810	707	620	794	768	723	649	222	275	262	344	468	55023	32756	68225	63456	19893	23785	28421	91209	81808	OVRFLW	11964	10392	9373	OVRFLW	97652	91931	35157	32243	39857
17:56:02	29	750	708	663	501	740	752	762	597	683	704	566	484	8802	8139	6482	2338	8418	7500	6035	2151	5124	4823	4257	1526	791	741	740	524	807	738	664	527	691	649	621	500	859	731	650	537	840	773	749	507	771	717	703	506	1147	1066	1023	672	1196	1179	1032	737	1133	1069	944	706	824	781	824	742	845	791	720	631	777	761	819	690	233	263	291	307	436	54585	34736	67131	63414	20029	23442	27821	90951	81900	OVRFLW	11760	10269	9334	98359	98324	92898	35100	32096	40294
18:12:05	29	786	712	651	479	768	752	735	600	722	692	544	407	8942	8041	6520	2248	8504	7813	6470	2164	5060	4556	4154	1502	787	731	762	513	719	682	613	468	694	675	628	468	816	744	707	519	749	804	753	534	781	731	730	515	1105	1121	1050	747	1138	1142	1058	679	1078	1047	887	654	848	892	821	766	807	801	804	636	775	797	726	683	289	284	311	338	486	53310	35425	65273	62649	19356	23608	27802	89900	80850	OVRFLW	11288	9981	9055	OVRFLW	OVRFLW	93659	35184	31792	40039
18:28:09	29.1	763	685	696	502	784	812	781	656	719	643	545	456	9262	8354	6931	2361	8767	8050	6570	2247	5285	4846	4594	1540	824	744	727	557	776	712	584	451	685	683	674	456	763	778	746	531	838	821	796	532	753	709	704	517	1089	1085	1008	750	1199	1248	1015	649	1178	1053	1046	717	744	819	749	714	876	795	779	649	786	784	775	667	260	277	254	320	437	52740	37265	66737	63189	20002	23565	27754	90325	81468	OVRFLW	11028	9704	8744	99289	OVRFLW	OVRFLW	34491	31820	40072
18:44:12	29	777	636	655	497	775	855	742	659	698	700	641	416	9763	8740	7335	2332	9008	8282	6676	2285	5634	5403	4564	1563	796	885	779	576	825	759	672	494	708	728	627	440	839	795	754	518	772	801	740	528	753	784	703	562	1272	1160	1127	694	1258	1268	1089	688	1148	1061	938	738	850	842	851	750	827	787	784	705	859	802	773	656	239	318	361	356	458	53670	39298	66132	64369	19938	23692	27825	90243	81134	OVRFLW	10770	9812	8976	99551	98597	94905	35240	31759	40488
19:00:16	29	784	673	710	511	838	811	772	644	649	738	583	470	9891	8859	7540	2366	9188	8426	6788	2293	5783	5475	4632	1579	892	790	760	569	763	752	637	513	699	751	677	502	813	761	711	566	871	839	769	500	736	758	670	464	1276	1183	1066	690	1223	1305	1019	672	1163	1057	973	672	844	887	834	698	831	823	817	617	821	781	779	692	263	259	301	375	458	53136	39098	66040	62823	19657	23730	27872	88467	80537	OVRFLW	10699	9577	8395	OVRFLW	99413	95184	34774	31686	39941
19:16:19	29.1	838	773	657	556	787	859	800	589	616	659	613	503	9943	9007	7877	2509	9215	8869	7255	2376	6166	5596	4950	1678	864	780	750	560	813	846	554	508	654	742	777	545	876	773	723	538	851	831	754	560	782	647	706	481	1254	1211	1034	722	1240	1336	1070	706	1160	1126	1028	673	837	823	794	764	930	774	827	639	843	801	774	693	220	267	290	283	438	51730	37927	65981	62318	19764	23379	27824	87983	79315	OVRFLW	10472	9502	8578	OVRFLW	OVRFLW	94765	34474	31808	39955
19:32:22	29.1	757	679	785	557	853	814	789	674	713	741	651	523	10253	9178	7899	2442	9637	8892	7072	2289	6169	5968	5153	1734	817	875	796	566	773	796	668	472	714	663	658	514	849	765	787	548	917	810	753	542	801	801	725	521	1233	1256	1197	758	1243	1343	1147	713	1155	1168	1092	687	829	898	815	719	924	814	772	712	899	763	797	700	271	279	292	289	452	51775	39581	65081	62261	19715	23160	27629	88014	79570	OVRFLW	10436	9335	8324	OVRFLW	98134	93885	34506	31531	39841
19:48:26	29	737	758	717	552	827	841	799	701	687	767	593	545	10791	9346	8111	2649	9883	9109	7346	2277	6243	6189	5237	1796	932	827	811	585	815	832	669	529	753	740	683	527	782	785	773	553	927	857	766	533	793	688	700	551	1256	1261	1136	790	1118	1273	1081	708	1175	1093	980	747	861	850	768	740	798	814	727	660	884	736	781	705	230	271	368	292	437	51613	39997	64856	61873	19598	22807	27165	87096	79331	OVRFLW	10071	9107	8124	OVRFLW	OVRFLW	94536	33758	31186	39371
20:04:29	29	770	738	775	509	804	864	793	664	718	769	640	506	10707	9655	8107	2662	9901	8871	7089	2171	6577	6183	5062	1719	928	883	828	608	781	740	739	496	728	736	718	524	877	805	794	557	888	813	794	546	811	750	682	563	1267	1271	1126	774	1109	1248	1071	724	1127	1057	964	682	892	856	789	761	816	767	767	725	807	763	761	697	258	269	302	383	503	51254	39805	64749	61666	19757	23188	27891	86403	78852	OVRFLW	9541	9060	8194	OVRFLW	OVRFLW	94229	34359	31717	39798
20:20:33	29.1	677	748	663	576	785	847	814	659	690	771	626	499	10870	9851	8382	2672	9961	8890	7339	2486	6817	6394	5332	1700	911	813	790	584	763	777	639	516	730	725	736	509	863	834	727	549	899	879	755	550	731	695	670	560	1284	1289	1097	707	1194	1214	1035	717	1111	1074	947	648	906	817	781	754	927	830	801	621	816	826	767	637	287	297	318	349	459	50914	40850	63932	60629	19284	22743	27184	85205	78363	OVRFLW	9750	8655	7976	OVRFLW	97532	92540	33870	30922	39377
20:36:36	29.1	732	762	679	581	771	806	838	697	727	742	585	484	11132	10436	8625	2691	10354	9025	7132	2475	6717	6494	5599	1834	920	845	826	605	831	695	719	464	755	756	692	526	919	831	725	541	884	883	812	561	780	748	678	502	1207	1278	1148	748	1198	1297	1058	743	1195	1083	1001	637	925	809	832	724	866	834	794	682	885	807	703	683	247	273	474	281	446	49539	42207	63333	60948	19149	22612	26962	85240	78362	OVRFLW	9635	8483	7748	97885	96232	93686	33576	30992	39790
20:52:40	29.1	799	828	733	538	832	807	833	705	795	770	609	521	11367	10296	8857	2789	10523	9665	7556	2481	7122	6473	5433	1809	892	834	773	638	894	860	718	537	726	728	637	552	871	783	777	569	911	902	754	541	726	765	695	522	1327	1240	1193	740	1297	1301	1107	792	1215	1104	905	687	883	862	755	736	911	827	804	621	928	870	749	684	241	290	284	385	481	49451	43135	63840	61096	19536	22723	27129	84956	78267	OVRFLW	9331	8790	7570	97338	97131	92523	33977	30641	39415
21:08:43	29.1	776	773	698	498	763	842	827	662	700	754	631	513	12127	10644	9081	2798	10274	9407	7468	2432	7051	6912	5796	1981	934	876	783	624	791	815	686	524	723	814	640	480	837	771	758	508	960	899	803	585	822	697	681	514	1321	1314	1167	710	1243	1362	1115	685	1205	1098	903	663	940	837	783	713	893	888	796	635	882	740	772	650	216	277	391	416	447	49103	43165	63529	59793	19634	22850	27116	83842	77050	OVRFLW	9122	8487	7606	97265	97654	92297	33654	30692	39929
21:24:47	29.1	722	782	728	533	816	868	815	654	703	767	653	504	12217	10785	9177	2799	10885	9882	7755	2582	7340	6919	5923	1992	912	839	889	673	857	812	653	508	743	693	710	533	885	824	758	562	918	867	852	581	830	776	669	552	1486	1317	1160	792	1230	1339	1046	724	1188	1034	946	744	944	895	813	682	923	870	803	645	879	822	801	663	257	258	299	417	454	49701	44563	63170	61289	19400	22707	26990	84161	77032	OVRFLW	9337	8181	7380	96909	98767	92651	34000	30461	39730
21:40:50	29.1	767	788	692	504	799	815	810	718	762	769	682	483	12639	10736	9325	2805	11369	9954	7788	2465	7878	6758	5939	1923	900	847	816	598	882	833	699	520	750	709	675	568	922	783	754	598	875	873	797	599	760	706	671	525	1382	1321	1098	727	1194	1376	1136	723	1226	1074	903	768	1019	901	795	758	909	867	764	710	877	909	820	688	276	308	315	301	442	48868	46329	62964	60751	19158	22897	26731	83094	76338	OVRFLW	8866	8219	7215	96259	OVRFLW	92222	33864	30261	39167
21:56:54	29.1	743	820	748	535	882	835	764	737	749	784	627	518	12727	11107	9154	2781	10863	9861	7888	2509	7938	7031	5923	2003	931	933	875	604	901	862	703	529	796	795	748	539	896	858	782	594	866	908	813	613	864	732	698	551	1376	1250	1268	746	1232	1318	1116	750	1183	1133	1005	737	949	837	754	723	921	807	844	638	913	847	788	629	263	292	258	369	511	47862	47876	62935	59955	19111	22681	26592	83039	76415	OVRFLW	8953	8070	7210	96796	97533	92349	33434	29896	39542
22:12:57	29.1	756	768	749	548	901	847	808	674	806	789	654	574	12773	11259	9181	2835	11342	9957	7969	2549	8203	7188	6311	1961	893	837	797	603	878	775	740	466	748	729	650	517	874	801	791	565	932	934	817	645	830	779	657	557	1440	1324	1222	779	1237	1311	1072	675	1139	1104	917	656	936	841	773	692	908	831	769	694	805	793	798	646	243	286	327	288	413	47765	48040	63183	59892	18966	22549	26158	82120	75705	OVRFLW	8635	7910	7200	96083	OVRFLW	91822	33726	30341	39397
22:29:01	29.1	750	792	704	566	770	851	833	683	680	789	673	560	12622	11303	9265	2933	11616	9980	8221	2583	7857	7032	6446	2030	889	930	822	606	814	879	685	554	722	737	687	526	889	843	732	611	905	885	840	611	781	740	686	494	1410	1343	1177	803	1125	1382	1048	689	1197	1106	974	717	962	888	819	734	938	833	750	649	908	872	757	595	241	292	292	295	418	48208	50064	62944	59962	19470	22198	26956	82423	75670	OVRFLW	8768	7998	7273	94698	97757	92020	33568	30531	39851
22:45:04	29.1	843	846	752	599	839	870	785	731	684	772	710	502	12897	11327	9523	2793	11423	9827	8233	2574	8253	7533	6583	2028	849	936	852	642	873	842	740	517	789	745	712	510	924	873	740	581	905	863	816	584	820	751	691	564	1434	1365	1220	781	1256	1293	1052	761	1138	1039	900	696	978	835	755	703	849	829	804	676	834	764	752	667	249	234	421	385	454	46233	49463	62286	59873	19132	22722	26778	83079	75463	OVRFLW	8748	7802	7186	95808	OVRFLW	90854	33295	30342	40041
23:01:07	29.1	776	795	736	577	838	856	894	705	727	750	611	525	12833	11406	9636	3008	11891	10413	8220	2746	8264	7348	6185	2062	908	909	856	629	862	843	696	537	717	768	730	488	876	827	786	605	882	894	840	647	728	737	679	496	1466	1342	1172	778	1208	1394	1107	716	1078	1186	925	682	936	896	821	740	867	782	753	587	819	816	698	604	277	256	340	289	447	47678	50952	61644	59619	19026	22340	26331	82739	75441	OVRFLW	8496	7671	6890	94638	96579	90884	33538	30101	39434
23:17:11	29.1	809	790	716	566	761	882	814	684	750	711	698	517	12815	11909	9682	2928	11702	10239	8297	2656	8207	7431	6267	2017	909	917	868	602	929	833	698	527	783	738	705	596	895	863	756	605	918	881	737	630	783	784	632	508	1543	1329	1199	714	1160	1354	1141	752	1142	1085	1021	691	914	869	764	685	910	822	748	595	877	835	774	652	274	282	319	290	405	46762	52208	62954	59020	18999	22602	26958	82269	75273	OVRFLW	8284	7551	6969	95115	97194	91404	33013	29861	39713
23:33:14	29.1	788	740	726	567	812	884	823	720	750	805	644	563	13112	11631	9739	2921	12236	10395	8828	2699	8419	7403	6555	2087	868	875	863	613	862	848	733	575	785	771	652	551	919	811	803	585	1048	891	860	565	771	761	693	504	1513	1420	1206	749	1232	1348	1069	735	1164	1138	936	723	884	905	808	717	870	837	776	624	799	839	759	664	261	299	328	340	436	47763	52125	62104	59149	19226	22322	26758	81498	75233	OVRFLW	8328	7606	6876	94869	OVRFLW	90639	33249	29504	39948
23:49:18	29.1	814	818	759	559	863	860	831	680	777	782	647	589	12749	11561	9653	2897	11985	10517	8363	2682	8454	7445	6559	1964	986	893	842	652	924	892	718	548	726	814	702	584	857	867	739	595	931	930	766	631	800	688	690	524	1456	1447	1241	778	1122	1376	1211	704	1157	1071	974	656	970	805	776	691	825	889	775	640	929	772	745	624	286	308	269	322	424	46470	52942	61205	59207	19076	21939	26223	81258	74065	OVRFLW	8263	7359	6514	94329	96416	90237	33068	30193	40156
24:05:21	29.1	748	876	816	587	813	841	852	677	707	813	674	570	13176	11799	10359	2973	12024	10782	8792	2717	8649	7564	6759	2181	905	900	868	640	841	897	715	572	734	765	719	479	904	855	737	584	1003	962	819	611	741	715	690	542	1445	1358	1116	735	1174	1455	1152	691	1162	1079	974	664	963	844	782	698	909	804	774	640	838	881	678	603	249	291	340	526	459	45994	53394	61406	58497	18838	22024	26746	81523	74610	OVRFLW	7966	7376	6654	93647	96548	90127	32851	29648	40176
24:21:24	29.1	814	828	778	577	841	827	842	699	741	820	711	541	13578	12143	10067	3026	12386	11032	8488	2715	8689	7725	7106	2133	943	968	874	598	844	859	757	528	762	801	746	600	840	876	774	572	983	942	795	620	759	678	674	511	1425	1407	1191	797	1170	1370	1055	696	1088	1114	1024	672	897	814	784	754	921	778	739	654	824	849	742	684	253	295	344	326	483	46328	53183	61179	58514	18862	22162	26230	80621	74151	OVRFLW	7997	7326	6528	93579	96309	89472	32841	29539	39825
24:37:28	29.1	766	855	752	536	801	881	821	659	742	785	657	590	13200	11819	10119	3048	12210	10472	8506	2827	8794	7379	6739	2033	929	999	900	628	918	807	709	549	743	778	698	569	891	781	753	563	938	888	913	569	749	683	682	548	1437	1346	1184	721	1179	1305	1129	740	1185	1157	942	663	952	851	774	683	866	812	755	588	816	794	729	699	229	266	331	392	412	46383	53637	61356	57486	19052	22232	26361	80189	73326	OVRFLW	8085	7174	6384	93226	95693	88935	32695	29622	39799
24:53:31	29.1	790	860	754	644	817	905	787	722	731	822	659	552	13984	12460	10292	3048	12352	11029	8408	2672	8949	7890	7223	2183	917	940	891	618	805	882	751	492	798	732	698	512	819	802	727	630	989	908	835	663	811	733	714	566	1535	1331	1227	762	1239	1352	1098	687	1147	1057	983	802	1007	877	823	786	861	845	734	627	834	833	760	654	203	277	433	328	441	45594	53497	60210	58293	18968	22247	26360	80497	72805	OVRFLW	8041	7129	6349	93290	95530	88424	32733	30003	39807
25:09:34	29.1	824	839	798	520	791	818	805	650	743	803	684	549	14184	12639	10432	3019	12758	10958	8907	2643	8949	7822	6971	2179	940	1006	922	699	878	851	719	535	759	781	670	564	912	875	759	588	947	881	887	645	794	724	706	529	1542	1423	1165	769	1263	1254	1048	718	1166	1166	968	675	995	836	769	680	889	858	722	613	792	825	771	668	252	246	329	297	449	45167	53213	61074	58248	18699	21694	25911	79954	73033	OVRFLW	7972	7074	6301	92463	94488	88189	32453	29456	40114
25:25:38	29.1	883	880	828	602	767	877	810	683	740	776	726	555	14074	12260	10218	3145	12535	10823	8812	2609	9210	8265	6860	2151	922	969	960	651	946	853	789	542	793	766	734	541	865	807	741	602	909	919	794	597	858	740	656	519	1507	1281	1159	740	1251	1422	1162	683	1247	1164	1025	645	983	844	782	676	956	829	819	656	802	804	775	646	264	322	332	334	433	45038	53146	60612	58199	18438	21933	26598	79854	75221	OVRFLW	7574	7097	6375	91893	95567	87686	32472	29426	40168
25:41:41	29.1	823	844	802	596	731	846	827	695	719	711	676	597	14378	12325	10431	3102	12502	10829	8654	2763	9506	8302	6976	2156	961	873	916	662	897	813	721	582	771	805	666	570	898	844	790	586	989	956	836	659	810	724	664	504	1504	1428	1142	764	1186	1383	1121	720	1194	1116	981	749	913	814	746	724	789	851	821	676	846	828	763	659	231	240	453	318	445	45740	52911	60622	57905	18695	21495	25916	79316	74764	OVRFLW	7521	6885	6093	92518	94677	87863	32209	29181	40324
