Time	T° 600	A1	A2	A3	A4	A5	A6	A7	A8	A9	A10	A11	A12	B1	B2	B3	B4	B5	B6	B7	B8	B9	B10	B11	B12	C1	C2	C3	C4	C5	C6	C7	C8	C9	C10	C11	C12	D1	D2	D3	D4	D5	D6	D7	D8	D9	D10	D11	D12	E1	E2	E3	E4	E5	E6	E7	E8	E9	E10	E11	E12	F1	F2	F3	F4	F5	F6	F7	F8	F9	F10	F11	F12	G1	G2	G3	G4	G5	G6	G7	G8	G9	G10	G11	G12	H1	H2	H3	H4	H5	H6	H7	H8	H9	H10	H11	H12
0:00:12	25	0.137	0.132	0.148	0.142	0.155	0.168	0.158	0.16	0.141	0.147	0.147	0.152	0.134	0.127	0.132	0.136	0.151	0.141	0.141	0.135	0.132	0.136	0.14	0.134	0.19	0.13	0.127	0.14	0.157	0.174	0.143	0.134	0.133	0.134	0.143	0.143	0.146	0.134	0.133	0.143	0.145	0.15	0.138	0.14	0.137	0.143	0.151	0.148	0.139	0.132	0.13	0.142	0.147	0.145	0.147	0.14	0.146	0.156	0.149	0.164	0.148	0.141	0.142	0.145	0.153	0.138	0.138	0.131	0.138	0.15	0.149	0.155	0.129	0.127	0.831	0.887	0.889	0.426	0.129	0.23	0.229	0.405	0.394	0.245	0.159	0.203	0.286	0.381	0.268	0.468	0.356	0.425	0.324	0.339	0.315	0.415
0:16:16	29	0.138	0.132	0.145	0.143	0.157	0.174	0.161	0.166	0.144	0.147	0.151	0.152	0.135	0.128	0.131	0.137	0.154	0.141	0.146	0.137	0.131	0.136	0.14	0.134	0.19	0.13	0.128	0.141	0.162	0.17	0.143	0.133	0.133	0.135	0.144	0.146	0.149	0.135	0.134	0.143	0.145	0.149	0.138	0.143	0.143	0.146	0.152	0.152	0.141	0.133	0.132	0.141	0.15	0.147	0.149	0.144	0.155	0.162	0.158	0.17	0.148	0.144	0.146	0.147	0.154	0.14	0.139	0.134	0.14	0.151	0.151	0.159	0.13	0.127	0.618	0.653	0.775	0.268	0.129	0.217	0.228	0.318	0.304	0.291	0.172	0.205	0.319	0.356	0.259	0.419	0.375	0.377	0.315	0.322	0.287	0.379
0:32:19	29.1	0.138	0.134	0.146	0.144	0.158	0.178	0.165	0.169	0.144	0.148	0.154	0.153	0.135	0.129	0.133	0.138	0.155	0.142	0.148	0.138	0.132	0.136	0.14	0.135	0.192	0.131	0.128	0.139	0.166	0.172	0.144	0.134	0.134	0.134	0.147	0.146	0.151	0.136	0.136	0.144	0.146	0.149	0.139	0.143	0.146	0.148	0.153	0.153	0.143	0.135	0.134	0.144	0.149	0.15	0.151	0.146	0.158	0.166	0.161	0.172	0.152	0.146	0.147	0.15	0.155	0.141	0.141	0.136	0.143	0.155	0.154	0.16	0.129	0.127	0.52	0.617	0.719	0.283	0.129	0.217	0.211	0.311	0.279	0.299	0.166	0.199	0.289	0.347	0.221	0.413	0.369	0.368	0.295	0.311	0.293	0.378
0:48:23	29	0.139	0.134	0.147	0.145	0.16	0.179	0.166	0.17	0.145	0.149	0.151	0.154	0.136	0.129	0.134	0.139	0.155	0.143	0.144	0.138	0.132	0.137	0.14	0.135	0.192	0.133	0.128	0.139	0.171	0.172	0.143	0.134	0.134	0.135	0.147	0.146	0.153	0.136	0.137	0.145	0.147	0.149	0.139	0.144	0.149	0.149	0.153	0.153	0.143	0.136	0.136	0.145	0.15	0.151	0.152	0.147	0.16	0.168	0.163	0.175	0.154	0.147	0.148	0.152	0.156	0.143	0.142	0.138	0.145	0.155	0.154	0.161	0.129	0.127	0.518	0.602	0.719	0.291	0.129	0.228	0.22	0.325	0.307	0.329	0.172	0.205	0.309	0.346	0.248	0.411	0.363	0.393	0.301	0.325	0.309	0.367
1:04:26	29	0.14	0.135	0.149	0.146	0.16	0.18	0.168	0.172	0.145	0.15	0.154	0.155	0.137	0.13	0.135	0.14	0.156	0.143	0.145	0.139	0.132	0.136	0.14	0.135	0.193	0.134	0.128	0.139	0.175	0.173	0.143	0.134	0.134	0.136	0.148	0.146	0.153	0.138	0.138	0.146	0.147	0.149	0.139	0.144	0.152	0.15	0.154	0.154	0.144	0.136	0.136	0.146	0.151	0.152	0.153	0.148	0.163	0.171	0.166	0.177	0.156	0.148	0.149	0.153	0.157	0.144	0.143	0.139	0.146	0.157	0.156	0.162	0.129	0.127	0.512	0.61	0.704	0.289	0.129	0.226	0.214	0.345	0.327	0.369	0.169	0.203	0.321	0.37	0.25	0.437	0.39	0.405	0.324	0.344	0.307	0.367
1:20:30	29	0.141	0.136	0.148	0.147	0.162	0.181	0.169	0.173	0.146	0.152	0.159	0.157	0.138	0.129	0.134	0.141	0.157	0.145	0.145	0.14	0.133	0.137	0.14	0.135	0.194	0.134	0.128	0.14	0.178	0.175	0.145	0.134	0.135	0.137	0.149	0.148	0.154	0.138	0.139	0.147	0.146	0.15	0.14	0.145	0.153	0.151	0.155	0.155	0.145	0.137	0.137	0.146	0.152	0.153	0.155	0.15	0.165	0.172	0.168	0.179	0.157	0.149	0.15	0.154	0.158	0.147	0.144	0.141	0.147	0.158	0.157	0.162	0.129	0.127	0.459	0.623	0.662	0.332	0.129	0.243	0.227	0.367	0.372	0.369	0.169	0.206	0.363	0.392	0.225	0.454	0.408	0.41	0.336	0.359	0.34	0.415
1:36:33	29	0.142	0.137	0.148	0.148	0.162	0.181	0.17	0.175	0.146	0.153	0.154	0.157	0.138	0.13	0.135	0.14	0.158	0.146	0.145	0.141	0.132	0.137	0.14	0.135	0.194	0.134	0.129	0.14	0.18	0.176	0.145	0.135	0.135	0.137	0.149	0.148	0.156	0.14	0.14	0.148	0.147	0.15	0.14	0.145	0.155	0.152	0.156	0.156	0.146	0.138	0.138	0.147	0.154	0.154	0.156	0.151	0.167	0.174	0.17	0.181	0.159	0.15	0.151	0.155	0.158	0.147	0.145	0.142	0.148	0.159	0.157	0.163	0.129	0.127	0.466	0.629	0.693	0.348	0.129	0.243	0.235	0.405	0.353	0.37	0.174	0.209	0.337	0.418	0.242	0.466	0.426	0.423	0.344	0.369	0.338	0.398
1:52:36	29	0.143	0.137	0.15	0.148	0.163	0.182	0.171	0.176	0.147	0.154	0.156	0.159	0.139	0.13	0.136	0.142	0.159	0.146	0.146	0.141	0.132	0.137	0.14	0.135	0.195	0.134	0.129	0.14	0.182	0.177	0.146	0.135	0.136	0.138	0.15	0.149	0.156	0.14	0.14	0.149	0.147	0.151	0.141	0.145	0.157	0.153	0.157	0.157	0.147	0.138	0.139	0.149	0.155	0.155	0.157	0.153	0.169	0.176	0.172	0.184	0.161	0.151	0.152	0.156	0.159	0.149	0.146	0.143	0.15	0.16	0.16	0.164	0.129	0.126	0.497	0.619	0.71	0.361	0.129	0.238	0.257	0.438	0.347	0.409	0.169	0.216	0.365	0.43	0.303	0.5	0.439	0.447	0.363	0.381	0.339	0.418
2:08:40	29.1	0.145	0.139	0.15	0.149	0.165	0.184	0.173	0.178	0.148	0.154	0.156	0.16	0.14	0.131	0.136	0.141	0.159	0.147	0.146	0.142	0.133	0.137	0.14	0.135	0.195	0.135	0.13	0.14	0.184	0.178	0.146	0.136	0.137	0.139	0.15	0.149	0.157	0.141	0.141	0.15	0.148	0.151	0.141	0.146	0.159	0.154	0.158	0.158	0.148	0.139	0.14	0.149	0.156	0.157	0.158	0.153	0.172	0.177	0.175	0.186	0.163	0.152	0.153	0.158	0.16	0.15	0.147	0.144	0.151	0.161	0.161	0.166	0.129	0.126	0.499	0.611	0.706	0.344	0.13	0.274	0.256	0.432	0.363	0.409	0.174	0.215	0.364	0.443	0.276	0.546	0.448	0.471	0.373	0.381	0.353	0.429
2:24:43	29	0.147	0.139	0.151	0.151	0.166	0.185	0.175	0.179	0.149	0.156	0.162	0.161	0.14	0.131	0.136	0.141	0.16	0.147	0.147	0.143	0.133	0.137	0.14	0.135	0.196	0.135	0.13	0.141	0.186	0.181	0.147	0.136	0.137	0.14	0.152	0.149	0.159	0.143	0.142	0.152	0.148	0.152	0.142	0.147	0.161	0.156	0.16	0.16	0.149	0.14	0.141	0.15	0.158	0.158	0.159	0.154	0.173	0.179	0.177	0.189	0.165	0.154	0.154	0.159	0.161	0.151	0.149	0.145	0.153	0.162	0.162	0.167	0.129	0.127	0.553	0.648	0.69	0.358	0.129	0.264	0.265	0.479	0.365	0.396	0.164	0.214	0.4	0.468	0.29	0.517	0.448	0.47	0.384	0.431	0.348	0.48
2:40:46	29.1	0.149	0.14	0.152	0.151	0.168	0.187	0.176	0.181	0.15	0.157	0.158	0.162	0.141	0.132	0.137	0.142	0.161	0.147	0.148	0.143	0.133	0.137	0.14	0.135	0.197	0.135	0.131	0.141	0.189	0.181	0.147	0.137	0.138	0.14	0.152	0.149	0.16	0.144	0.144	0.153	0.149	0.153	0.143	0.147	0.163	0.157	0.162	0.161	0.15	0.141	0.141	0.152	0.159	0.16	0.161	0.156	0.175	0.182	0.179	0.191	0.167	0.155	0.155	0.16	0.162	0.153	0.15	0.147	0.154	0.164	0.163	0.17	0.129	0.127	0.632	0.631	0.727	0.364	0.129	0.254	0.261	0.492	0.41	0.427	0.17	0.228	0.417	0.438	0.295	0.569	0.524	0.462	0.398	0.433	0.374	0.51
2:56:50	29.1	0.151	0.141	0.153	0.152	0.17	0.189	0.178	0.183	0.151	0.157	0.16	0.163	0.142	0.132	0.137	0.142	0.161	0.148	0.149	0.144	0.133	0.137	0.141	0.135	0.197	0.135	0.131	0.141	0.191	0.183	0.148	0.137	0.139	0.141	0.153	0.15	0.161	0.145	0.145	0.154	0.149	0.154	0.143	0.148	0.165	0.159	0.163	0.162	0.151	0.142	0.143	0.153	0.161	0.162	0.163	0.158	0.177	0.183	0.181	0.193	0.169	0.156	0.156	0.162	0.163	0.154	0.151	0.148	0.156	0.165	0.165	0.171	0.128	0.126	0.514	0.644	0.757	0.368	0.13	0.298	0.275	0.504	0.415	0.446	0.171	0.224	0.429	0.458	0.384	0.587	0.555	0.495	0.396	0.409	0.409	0.559
3:12:53	29	0.152	0.142	0.154	0.153	0.171	0.191	0.181	0.185	0.153	0.159	0.164	0.164	0.143	0.133	0.138	0.143	0.162	0.15	0.149	0.145	0.133	0.138	0.141	0.135	0.197	0.136	0.132	0.141	0.194	0.185	0.148	0.138	0.139	0.142	0.154	0.151	0.163	0.146	0.146	0.155	0.15	0.155	0.144	0.149	0.167	0.16	0.164	0.164	0.153	0.143	0.144	0.154	0.162	0.163	0.164	0.159	0.179	0.185	0.183	0.195	0.171	0.158	0.158	0.163	0.164	0.155	0.152	0.149	0.158	0.166	0.165	0.173	0.128	0.127	0.483	0.658	0.762	0.375	0.129	0.319	0.297	0.504	0.48	0.46	0.179	0.238	0.465	0.505	0.41	0.593	0.544	0.592	0.429	0.428	0.448	0.567
3:28:57	29.1	0.154	0.143	0.155	0.155	0.173	0.193	0.183	0.187	0.154	0.16	0.161	0.165	0.144	0.134	0.138	0.144	0.163	0.151	0.15	0.146	0.133	0.138	0.141	0.135	0.198	0.136	0.133	0.142	0.196	0.186	0.149	0.139	0.14	0.144	0.155	0.152	0.165	0.148	0.147	0.156	0.151	0.155	0.145	0.15	0.169	0.162	0.166	0.166	0.155	0.144	0.146	0.155	0.163	0.165	0.165	0.161	0.181	0.187	0.185	0.198	0.173	0.159	0.158	0.165	0.165	0.157	0.154	0.15	0.159	0.168	0.168	0.174	0.128	0.126	0.515	0.694	0.838	0.396	0.129	0.312	0.31	0.582	0.505	0.459	0.185	0.242	0.507	0.548	0.405	0.647	0.56	0.61	0.436	0.527	0.43	0.619
3:45:00	29.1	0.155	0.144	0.156	0.155	0.175	0.196	0.185	0.19	0.156	0.162	0.165	0.167	0.145	0.135	0.14	0.144	0.164	0.152	0.151	0.147	0.134	0.138	0.141	0.136	0.199	0.137	0.134	0.143	0.199	0.189	0.149	0.14	0.141	0.144	0.156	0.154	0.167	0.149	0.149	0.158	0.152	0.157	0.146	0.151	0.171	0.164	0.168	0.168	0.156	0.145	0.147	0.156	0.165	0.167	0.168	0.163	0.184	0.19	0.187	0.2	0.175	0.16	0.16	0.167	0.166	0.159	0.156	0.152	0.162	0.17	0.169	0.176	0.128	0.126	0.509	0.69	0.862	0.441	0.129	0.323	0.329	0.612	0.514	0.54	0.199	0.252	0.513	0.592	0.416	0.66	0.63	0.66	0.503	0.57	0.464	0.665
4:01:03	29.1	0.158	0.145	0.158	0.157	0.177	0.198	0.187	0.193	0.157	0.164	0.164	0.169	0.146	0.136	0.14	0.146	0.165	0.153	0.152	0.148	0.133	0.138	0.141	0.136	0.199	0.138	0.135	0.143	0.202	0.19	0.15	0.141	0.142	0.145	0.158	0.155	0.168	0.151	0.15	0.159	0.154	0.157	0.147	0.152	0.175	0.166	0.17	0.169	0.158	0.147	0.149	0.158	0.167	0.169	0.169	0.165	0.186	0.192	0.189	0.202	0.178	0.163	0.162	0.168	0.168	0.16	0.157	0.154	0.164	0.172	0.171	0.178	0.129	0.126	0.544	0.698	0.88	0.443	0.131	0.327	0.349	0.641	0.527	0.512	0.204	0.266	0.583	0.556	0.441	0.682	0.666	0.683	0.542	0.594	0.553	0.713
4:17:07	29.1	0.16	0.147	0.159	0.158	0.179	0.2	0.19	0.195	0.158	0.165	0.162	0.171	0.147	0.138	0.141	0.147	0.167	0.154	0.153	0.149	0.136	0.139	0.142	0.137	0.2	0.139	0.136	0.144	0.204	0.192	0.151	0.142	0.144	0.146	0.16	0.156	0.171	0.153	0.152	0.161	0.155	0.159	0.148	0.153	0.178	0.168	0.171	0.171	0.161	0.149	0.151	0.16	0.169	0.171	0.171	0.168	0.188	0.194	0.192	0.204	0.18	0.165	0.164	0.17	0.169	0.161	0.159	0.155	0.166	0.174	0.172	0.181	0.128	0.126	0.561	0.722	0.886	0.47	0.131	0.374	0.357	0.662	0.578	0.582	0.209	0.287	0.586	0.612	0.466	0.735	0.696	0.677	0.551	0.596	0.505	0.72
4:33:10	29.1	0.161	0.148	0.16	0.159	0.181	0.203	0.192	0.197	0.16	0.167	0.162	0.173	0.149	0.139	0.142	0.147	0.168	0.155	0.155	0.15	0.135	0.139	0.141	0.136	0.201	0.141	0.138	0.146	0.207	0.194	0.151	0.143	0.145	0.147	0.161	0.157	0.172	0.155	0.154	0.162	0.157	0.161	0.149	0.155	0.181	0.17	0.174	0.173	0.162	0.15	0.153	0.162	0.171	0.173	0.173	0.171	0.191	0.197	0.195	0.207	0.183	0.167	0.166	0.173	0.171	0.164	0.161	0.158	0.168	0.177	0.174	0.183	0.128	0.126	0.564	0.759	0.909	0.484	0.131	0.376	0.388	0.687	0.633	0.606	0.239	0.31	0.62	0.637	0.517	0.791	0.711	0.683	0.602	0.621	0.572	0.754
4:49:14	29.1	0.163	0.15	0.162	0.161	0.183	0.206	0.195	0.2	0.162	0.169	0.161	0.175	0.15	0.14	0.143	0.149	0.169	0.157	0.157	0.151	0.136	0.139	0.142	0.137	0.202	0.141	0.139	0.147	0.209	0.195	0.153	0.144	0.146	0.149	0.162	0.159	0.174	0.157	0.155	0.164	0.158	0.162	0.151	0.156	0.183	0.172	0.176	0.175	0.163	0.151	0.155	0.164	0.173	0.175	0.176	0.173	0.193	0.199	0.197	0.21	0.186	0.169	0.168	0.175	0.172	0.166	0.163	0.159	0.171	0.179	0.175	0.185	0.128	0.126	0.551	0.765	0.966	0.523	0.131	0.39	0.416	0.673	0.691	0.65	0.227	0.324	0.698	0.671	0.566	0.85	0.748	0.764	0.647	0.681	0.638	0.814
5:05:17	29.1	0.165	0.151	0.163	0.162	0.185	0.208	0.197	0.203	0.164	0.171	0.164	0.178	0.152	0.141	0.145	0.15	0.171	0.158	0.157	0.153	0.135	0.14	0.142	0.138	0.203	0.143	0.141	0.149	0.212	0.197	0.153	0.145	0.147	0.151	0.167	0.161	0.176	0.159	0.158	0.166	0.159	0.164	0.153	0.158	0.186	0.175	0.178	0.177	0.166	0.154	0.157	0.166	0.175	0.178	0.179	0.175	0.196	0.202	0.2	0.213	0.189	0.172	0.171	0.178	0.174	0.168	0.165	0.161	0.174	0.181	0.178	0.187	0.128	0.125	0.561	0.759	0.96	0.534	0.132	0.404	0.428	0.714	0.691	0.671	0.281	0.35	0.667	0.719	0.572	0.897	0.802	0.785	0.635	0.742	0.689	0.882
5:21:20	29.1	0.168	0.152	0.165	0.164	0.188	0.211	0.2	0.206	0.165	0.172	0.163	0.179	0.154	0.142	0.146	0.151	0.173	0.159	0.158	0.154	0.136	0.14	0.143	0.138	0.204	0.144	0.141	0.15	0.215	0.201	0.154	0.147	0.148	0.152	0.168	0.162	0.178	0.161	0.16	0.168	0.161	0.165	0.155	0.159	0.189	0.177	0.18	0.18	0.168	0.155	0.159	0.167	0.177	0.18	0.181	0.177	0.199	0.204	0.202	0.215	0.192	0.174	0.173	0.18	0.177	0.17	0.168	0.163	0.176	0.184	0.18	0.189	0.128	0.125	0.588	0.785	0.997	0.56	0.132	0.43	0.46	0.767	0.7	0.687	0.288	0.358	0.746	0.764	0.617	0.915	0.813	0.866	0.682	0.742	0.683	0.913
5:37:24	29.1	0.17	0.154	0.166	0.167	0.191	0.214	0.203	0.209	0.167	0.174	0.16	0.181	0.155	0.144	0.147	0.153	0.175	0.161	0.16	0.155	0.137	0.14	0.143	0.138	0.206	0.145	0.144	0.152	0.218	0.203	0.155	0.148	0.15	0.153	0.169	0.163	0.18	0.164	0.162	0.171	0.163	0.166	0.156	0.16	0.192	0.18	0.182	0.182	0.17	0.156	0.162	0.171	0.179	0.183	0.184	0.179	0.202	0.207	0.205	0.219	0.195	0.177	0.175	0.184	0.179	0.172	0.17	0.165	0.18	0.188	0.182	0.192	0.128	0.125	0.56	0.802	1.017	0.599	0.132	0.459	0.499	0.815	0.763	0.704	0.304	0.384	0.776	0.842	0.69	0.945	0.867	0.877	0.684	0.8	0.739	0.927
5:53:28	29.1	0.173	0.156	0.168	0.168	0.192	0.217	0.207	0.213	0.169	0.177	0.163	0.184	0.156	0.145	0.148	0.154	0.176	0.162	0.164	0.157	0.138	0.14	0.144	0.14	0.209	0.147	0.145	0.155	0.221	0.204	0.157	0.149	0.152	0.154	0.171	0.164	0.183	0.165	0.165	0.173	0.164	0.168	0.158	0.163	0.194	0.182	0.186	0.185	0.172	0.159	0.163	0.173	0.182	0.185	0.187	0.183	0.206	0.21	0.209	0.222	0.199	0.179	0.177	0.186	0.181	0.176	0.172	0.169	0.183	0.189	0.185	0.195	0.128	0.125	0.564	0.818	1.027	0.626	0.133	0.505	0.515	0.843	0.793	0.784	0.326	0.432	0.799	0.856	0.658	0.973	0.904	0.92	0.73	0.838	0.766	0.965
6:09:31	29.1	0.175	0.158	0.17	0.17	0.196	0.22	0.209	0.216	0.172	0.179	0.165	0.188	0.158	0.146	0.15	0.155	0.178	0.164	0.165	0.159	0.139	0.141	0.145	0.14	0.21	0.15	0.147	0.156	0.224	0.207	0.159	0.151	0.153	0.157	0.172	0.166	0.186	0.168	0.167	0.175	0.166	0.171	0.16	0.164	0.197	0.185	0.189	0.187	0.175	0.161	0.166	0.175	0.185	0.188	0.19	0.185	0.209	0.214	0.212	0.225	0.203	0.183	0.18	0.189	0.183	0.179	0.175	0.171	0.186	0.191	0.188	0.199	0.128	0.125	0.588	0.834	1.066	0.639	0.133	0.536	0.551	0.867	0.822	0.795	0.357	0.435	0.84	0.869	0.77	1.03	0.941	0.932	0.742	0.89	0.831	1.005
6:25:35	29.1	0.178	0.161	0.172	0.172	0.199	0.224	0.213	0.223	0.173	0.18	0.163	0.188	0.161	0.148	0.151	0.156	0.179	0.166	0.165	0.161	0.139	0.141	0.145	0.141	0.211	0.153	0.149	0.157	0.227	0.209	0.161	0.153	0.155	0.158	0.174	0.167	0.189	0.17	0.169	0.178	0.168	0.172	0.162	0.166	0.2	0.188	0.191	0.19	0.177	0.163	0.168	0.176	0.187	0.191	0.193	0.188	0.213	0.216	0.218	0.229	0.206	0.185	0.183	0.192	0.186	0.182	0.178	0.174	0.188	0.194	0.191	0.2	0.128	0.125	0.658	0.866	1.056	0.608	0.134	0.564	0.572	0.895	0.881	0.828	0.38	0.492	0.911	0.91	0.804	1.053	0.975	0.962	0.782	0.917	0.853	1.025
6:41:38	29.1	0.181	0.163	0.175	0.174	0.203	0.237	0.219	0.225	0.176	0.184	0.166	0.191	0.162	0.149	0.152	0.158	0.181	0.167	0.167	0.163	0.14	0.143	0.146	0.142	0.213	0.153	0.151	0.16	0.231	0.212	0.162	0.155	0.156	0.161	0.176	0.169	0.192	0.173	0.172	0.18	0.171	0.173	0.164	0.169	0.203	0.191	0.194	0.193	0.18	0.166	0.171	0.178	0.19	0.194	0.196	0.192	0.216	0.221	0.221	0.234	0.211	0.189	0.186	0.196	0.189	0.185	0.182	0.176	0.192	0.197	0.193	0.204	0.128	0.125	0.629	0.856	1.073	0.692	0.134	0.6	0.61	0.924	0.887	0.86	0.409	0.501	0.92	0.99	0.85	1.081	1.021	1.003	0.849	0.96	0.875	1.071
6:57:42	29.1	0.184	0.165	0.177	0.176	0.221	0.234	0.227	0.231	0.177	0.186	0.165	0.194	0.164	0.151	0.154	0.16	0.183	0.169	0.167	0.165	0.141	0.144	0.147	0.142	0.215	0.155	0.153	0.161	0.234	0.215	0.164	0.155	0.157	0.162	0.178	0.17	0.196	0.176	0.174	0.184	0.173	0.176	0.167	0.17	0.206	0.193	0.197	0.195	0.183	0.168	0.174	0.182	0.192	0.197	0.198	0.193	0.219	0.225	0.226	0.237	0.214	0.193	0.189	0.198	0.192	0.188	0.184	0.179	0.194	0.2	0.196	0.206	0.128	0.126	0.78	0.898	1.09	0.718	0.136	0.634	0.635	0.957	0.926	0.886	0.441	0.543	0.965	1.02	0.87	1.108	1.041	1.029	0.909	0.956	0.915	1.109
7:13:45	29.1	0.186	0.168	0.179	0.179	0.211	0.254	0.229	0.233	0.18	0.188	0.165	0.196	0.165	0.153	0.157	0.162	0.185	0.171	0.167	0.167	0.143	0.145	0.148	0.144	0.216	0.157	0.156	0.163	0.237	0.218	0.165	0.157	0.158	0.164	0.18	0.172	0.199	0.179	0.177	0.187	0.175	0.179	0.169	0.173	0.21	0.196	0.2	0.198	0.185	0.17	0.176	0.184	0.194	0.201	0.201	0.198	0.224	0.23	0.229	0.242	0.22	0.196	0.193	0.203	0.194	0.192	0.188	0.182	0.198	0.204	0.198	0.209	0.128	0.125	0.633	0.879	1.109	0.704	0.136	0.671	0.665	0.983	0.978	0.934	0.483	0.564	1	1.044	0.872	1.148	1.071	1.072	0.926	0.993	0.957	1.131
7:29:49	29.1	0.189	0.172	0.181	0.18	0.232	0.241	0.234	0.236	0.183	0.191	0.166	0.199	0.168	0.156	0.159	0.164	0.186	0.172	0.169	0.169	0.144	0.147	0.149	0.145	0.218	0.159	0.157	0.165	0.24	0.221	0.167	0.159	0.161	0.166	0.181	0.174	0.202	0.181	0.179	0.189	0.178	0.181	0.173	0.176	0.214	0.199	0.204	0.202	0.187	0.173	0.181	0.188	0.198	0.204	0.206	0.201	0.229	0.235	0.234	0.247	0.223	0.199	0.197	0.206	0.198	0.195	0.191	0.185	0.202	0.208	0.203	0.213	0.128	0.125	0.681	0.908	1.116	0.746	0.137	0.712	0.702	1.01	1.01	0.986	0.506	0.624	1.047	1.059	0.912	1.174	1.124	1.081	0.961	1.031	0.968	1.173
7:45:52	29	0.193	0.173	0.183	0.183	0.231	0.255	0.236	0.242	0.186	0.193	0.17	0.202	0.17	0.158	0.16	0.165	0.189	0.173	0.169	0.17	0.146	0.148	0.151	0.146	0.22	0.161	0.16	0.167	0.244	0.224	0.168	0.161	0.162	0.168	0.183	0.176	0.205	0.185	0.183	0.193	0.181	0.184	0.174	0.178	0.218	0.201	0.208	0.205	0.191	0.175	0.184	0.191	0.201	0.206	0.209	0.204	0.233	0.239	0.239	0.253	0.227	0.204	0.2	0.21	0.2	0.198	0.193	0.188	0.205	0.211	0.205	0.216	0.128	0.125	0.721	0.896	1.139	0.794	0.138	0.743	0.734	1.035	1.025	0.988	0.501	0.649	1.047	1.109	0.932	1.2	1.129	1.144	0.953	1.079	0.943	1.202
8:01:55	29.1	0.196	0.175	0.186	0.186	0.226	0.253	0.242	0.247	0.188	0.197	0.167	0.205	0.172	0.16	0.163	0.167	0.191	0.175	0.171	0.172	0.147	0.149	0.152	0.148	0.222	0.163	0.162	0.17	0.248	0.227	0.171	0.163	0.165	0.17	0.185	0.178	0.209	0.19	0.187	0.198	0.184	0.187	0.177	0.18	0.222	0.207	0.211	0.21	0.195	0.18	0.187	0.196	0.204	0.211	0.213	0.206	0.239	0.246	0.245	0.259	0.233	0.208	0.205	0.215	0.204	0.203	0.197	0.192	0.21	0.215	0.208	0.22	0.128	0.125	0.729	0.909	1.148	0.801	0.14	0.777	0.762	1.055	1.057	1.008	0.579	0.685	1.044	1.112	0.996	1.201	1.168	1.134	0.993	1.071	0.979	1.225
8:17:59	29.1	0.2	0.178	0.189	0.188	0.233	0.259	0.248	0.254	0.191	0.2	0.166	0.208	0.175	0.161	0.165	0.169	0.194	0.177	0.175	0.175	0.148	0.151	0.154	0.15	0.224	0.166	0.165	0.172	0.251	0.23	0.172	0.165	0.167	0.174	0.187	0.181	0.214	0.192	0.192	0.201	0.185	0.189	0.179	0.183	0.226	0.211	0.215	0.213	0.199	0.182	0.191	0.2	0.208	0.215	0.218	0.21	0.247	0.253	0.251	0.265	0.236	0.211	0.209	0.219	0.207	0.206	0.201	0.196	0.214	0.218	0.212	0.223	0.128	0.125	0.696	0.923	1.142	0.86	0.141	0.798	0.798	1.083	1.093	1.044	0.585	0.715	1.058	1.117	1.055	1.196	1.196	1.137	1.043	1.079	1.059	1.21
8:34:02	29	0.205	0.181	0.191	0.191	0.239	0.274	0.254	0.26	0.192	0.202	0.168	0.212	0.176	0.163	0.166	0.171	0.197	0.178	0.175	0.176	0.149	0.152	0.155	0.151	0.227	0.168	0.168	0.174	0.254	0.233	0.174	0.167	0.169	0.175	0.188	0.183	0.217	0.198	0.195	0.206	0.189	0.191	0.181	0.186	0.23	0.215	0.218	0.217	0.202	0.185	0.196	0.206	0.211	0.218	0.221	0.214	0.253	0.257	0.256	0.273	0.241	0.217	0.214	0.224	0.21	0.209	0.203	0.199	0.218	0.222	0.215	0.227	0.128	0.125	0.677	0.92	1.156	0.872	0.143	0.842	0.825	1.121	1.103	1.077	0.651	0.749	1.111	1.148	1.013	1.192	1.196	1.136	1.049	1.11	1.032	1.211
8:50:06	29.1	0.208	0.183	0.194	0.193	0.246	0.272	0.261	0.267	0.195	0.204	0.173	0.215	0.178	0.165	0.167	0.172	0.199	0.181	0.174	0.179	0.151	0.154	0.155	0.152	0.23	0.172	0.17	0.177	0.26	0.237	0.176	0.168	0.171	0.177	0.192	0.185	0.22	0.202	0.2	0.209	0.192	0.194	0.185	0.19	0.235	0.22	0.221	0.223	0.205	0.188	0.199	0.207	0.214	0.221	0.225	0.218	0.26	0.264	0.264	0.28	0.25	0.222	0.219	0.23	0.214	0.212	0.208	0.203	0.223	0.227	0.221	0.231	0.128	0.125	0.828	0.925	1.157	0.876	0.146	0.865	0.865	1.147	1.095	1.102	0.662	0.783	1.136	1.176	1.049	1.189	1.192	1.136	1.044	1.137	1.054	1.228
9:06:09	29.1	0.212	0.186	0.197	0.196	0.252	0.279	0.267	0.277	0.198	0.208	0.17	0.218	0.181	0.166	0.17	0.174	0.201	0.184	0.178	0.181	0.152	0.155	0.156	0.154	0.234	0.174	0.173	0.179	0.265	0.24	0.178	0.171	0.173	0.179	0.193	0.187	0.225	0.206	0.204	0.214	0.194	0.198	0.188	0.192	0.241	0.225	0.225	0.227	0.208	0.192	0.202	0.21	0.218	0.228	0.229	0.222	0.266	0.272	0.27	0.288	0.257	0.228	0.224	0.236	0.218	0.218	0.212	0.205	0.228	0.231	0.223	0.236	0.128	0.125	0.762	0.927	1.155	0.944	0.149	0.894	0.898	1.157	1.127	1.102	0.744	0.817	1.172	1.164	1.103	1.187	1.189	1.125	1.081	1.143	1.088	1.204
9:22:13	29	0.217	0.189	0.201	0.2	0.259	0.286	0.274	0.284	0.2	0.21	0.172	0.22	0.184	0.169	0.173	0.177	0.204	0.185	0.179	0.183	0.154	0.156	0.158	0.156	0.237	0.178	0.176	0.183	0.27	0.242	0.181	0.172	0.176	0.183	0.196	0.19	0.229	0.211	0.209	0.217	0.199	0.2	0.19	0.195	0.248	0.23	0.23	0.233	0.213	0.195	0.206	0.211	0.221	0.233	0.233	0.227	0.274	0.278	0.279	0.294	0.266	0.236	0.231	0.243	0.224	0.222	0.217	0.212	0.233	0.237	0.228	0.24	0.128	0.125	0.726	0.932	1.131	0.898	0.151	0.905	0.929	1.162	1.119	1.095	0.757	0.841	1.154	1.158	1.114	1.186	1.185	1.123	1.089	1.133	1.101	1.208
9:38:16	29	0.222	0.194	0.205	0.202	0.266	0.294	0.282	0.29	0.203	0.214	0.176	0.223	0.186	0.171	0.175	0.18	0.206	0.188	0.181	0.186	0.156	0.157	0.16	0.157	0.239	0.181	0.179	0.187	0.277	0.247	0.183	0.174	0.178	0.185	0.197	0.194	0.232	0.214	0.211	0.22	0.203	0.204	0.195	0.198	0.253	0.238	0.24	0.24	0.216	0.199	0.21	0.215	0.227	0.237	0.238	0.233	0.28	0.284	0.288	0.301	0.276	0.243	0.237	0.25	0.228	0.227	0.221	0.215	0.241	0.243	0.235	0.247	0.128	0.126	0.743	0.935	1.162	1.007	0.153	0.951	0.958	1.146	1.117	1.091	0.815	0.871	1.156	1.15	1.133	1.18	1.183	1.124	1.085	1.132	1.093	1.214
9:54:19	29.1	0.227	0.197	0.206	0.206	0.273	0.301	0.29	0.299	0.206	0.218	0.179	0.226	0.19	0.173	0.176	0.182	0.208	0.19	0.183	0.188	0.157	0.159	0.162	0.159	0.242	0.184	0.182	0.188	0.282	0.25	0.186	0.177	0.181	0.187	0.2	0.194	0.235	0.219	0.216	0.225	0.207	0.208	0.201	0.205	0.264	0.243	0.244	0.248	0.217	0.2	0.212	0.219	0.233	0.246	0.244	0.24	0.286	0.292	0.292	0.309	0.285	0.248	0.243	0.256	0.231	0.231	0.225	0.221	0.249	0.25	0.242	0.254	0.128	0.125	0.814	0.936	1.162	0.96	0.154	0.988	0.992	1.157	1.113	1.09	0.813	0.898	1.151	1.148	1.171	1.179	1.179	1.118	1.08	1.127	1.09	1.218
10:10:23	29	0.23	0.203	0.212	0.212	0.282	0.311	0.3	0.306	0.209	0.219	0.182	0.229	0.193	0.176	0.179	0.186	0.212	0.194	0.187	0.192	0.158	0.161	0.163	0.16	0.247	0.189	0.184	0.192	0.288	0.254	0.189	0.179	0.183	0.19	0.203	0.198	0.243	0.222	0.218	0.228	0.215	0.215	0.214	0.226	0.267	0.249	0.253	0.255	0.223	0.203	0.215	0.221	0.24	0.251	0.255	0.245	0.291	0.299	0.3	0.313	0.289	0.256	0.249	0.262	0.239	0.237	0.231	0.225	0.256	0.258	0.25	0.261	0.128	0.125	0.74	0.942	1.174	0.932	0.157	0.992	1.016	1.139	1.113	1.088	0.872	0.928	1.157	1.149	1.149	1.175	1.176	1.113	1.078	1.124	1.087	1.208
10:26:26	29	0.235	0.206	0.215	0.214	0.29	0.319	0.308	0.317	0.213	0.224	0.192	0.234	0.196	0.178	0.182	0.187	0.216	0.197	0.189	0.194	0.16	0.163	0.163	0.162	0.248	0.189	0.188	0.195	0.293	0.257	0.19	0.182	0.186	0.193	0.206	0.201	0.251	0.228	0.224	0.233	0.24	0.225	0.219	0.238	0.275	0.257	0.259	0.259	0.228	0.21	0.221	0.228	0.246	0.259	0.264	0.254	0.302	0.308	0.309	0.325	0.297	0.264	0.256	0.269	0.245	0.244	0.238	0.231	0.263	0.267	0.256	0.268	0.128	0.124	0.761	0.944	1.176	0.937	0.16	1.037	1.044	1.155	1.11	1.087	0.91	0.954	1.147	1.148	1.146	1.173	1.174	1.117	1.076	1.134	1.087	1.2
10:42:30	29.1	0.24	0.212	0.219	0.219	0.298	0.328	0.319	0.327	0.216	0.228	0.195	0.239	0.201	0.183	0.187	0.192	0.218	0.2	0.194	0.196	0.162	0.164	0.165	0.163	0.253	0.194	0.192	0.199	0.3	0.265	0.194	0.186	0.19	0.195	0.211	0.204	0.257	0.234	0.231	0.242	0.224	0.243	0.232	0.238	0.283	0.264	0.267	0.268	0.236	0.216	0.229	0.234	0.253	0.263	0.264	0.258	0.308	0.315	0.316	0.334	0.305	0.27	0.265	0.277	0.25	0.252	0.245	0.238	0.272	0.272	0.262	0.274	0.128	0.125	0.781	0.945	1.159	0.924	0.17	1.062	1.074	1.13	1.111	1.089	0.934	0.966	1.14	1.143	1.134	1.171	1.174	1.114	1.071	1.128	1.086	1.196
10:58:33	29.1	0.242	0.215	0.222	0.22	0.309	0.34	0.329	0.338	0.22	0.231	0.194	0.243	0.205	0.186	0.19	0.193	0.221	0.203	0.195	0.2	0.163	0.165	0.165	0.164	0.256	0.198	0.197	0.202	0.305	0.269	0.196	0.188	0.192	0.2	0.213	0.207	0.267	0.241	0.238	0.246	0.234	0.231	0.23	0.225	0.288	0.269	0.27	0.274	0.246	0.223	0.234	0.24	0.258	0.271	0.272	0.266	0.317	0.325	0.325	0.344	0.311	0.277	0.273	0.284	0.261	0.259	0.252	0.245	0.276	0.277	0.268	0.278	0.128	0.125	0.77	0.947	1.151	0.936	0.167	1.076	1.087	1.151	1.111	1.089	0.942	1.01	1.138	1.142	1.14	1.168	1.17	1.115	1.073	1.124	1.084	1.191
11:14:37	29	0.248	0.216	0.226	0.225	0.319	0.35	0.341	0.349	0.226	0.237	0.201	0.249	0.207	0.189	0.193	0.196	0.224	0.204	0.198	0.202	0.163	0.166	0.167	0.165	0.26	0.203	0.201	0.207	0.314	0.277	0.199	0.191	0.196	0.202	0.217	0.209	0.274	0.25	0.245	0.253	0.247	0.238	0.244	0.252	0.296	0.278	0.279	0.282	0.25	0.229	0.239	0.246	0.263	0.276	0.276	0.271	0.327	0.332	0.338	0.353	0.32	0.286	0.28	0.291	0.266	0.267	0.258	0.25	0.288	0.284	0.278	0.289	0.128	0.125	0.774	0.949	1.165	0.918	0.172	1.097	1.084	1.127	1.109	1.086	0.992	1.025	1.138	1.142	1.154	1.169	1.171	1.113	1.071	1.121	1.082	1.189
11:30:40	29.1	0.256	0.222	0.23	0.228	0.328	0.36	0.351	0.36	0.232	0.244	0.205	0.255	0.21	0.193	0.196	0.199	0.228	0.208	0.201	0.206	0.165	0.167	0.169	0.166	0.268	0.209	0.206	0.219	0.32	0.282	0.202	0.194	0.198	0.207	0.222	0.214	0.281	0.258	0.253	0.26	0.263	0.251	0.241	0.26	0.304	0.284	0.286	0.289	0.257	0.234	0.247	0.252	0.271	0.282	0.282	0.277	0.336	0.341	0.346	0.364	0.334	0.296	0.288	0.3	0.272	0.275	0.266	0.258	0.293	0.292	0.283	0.297	0.128	0.125	0.774	0.939	1.146	0.921	0.176	1.099	1.078	1.138	1.105	1.082	1.001	1.047	1.129	1.139	1.133	1.165	1.17	1.112	1.069	1.132	1.081	1.216
11:46:43	29	0.261	0.223	0.235	0.232	0.338	0.372	0.363	0.37	0.235	0.25	0.204	0.261	0.214	0.196	0.199	0.202	0.231	0.21	0.205	0.208	0.167	0.169	0.17	0.168	0.274	0.219	0.216	0.223	0.328	0.288	0.203	0.196	0.201	0.21	0.226	0.218	0.288	0.266	0.259	0.267	0.257	0.258	0.255	0.284	0.311	0.292	0.293	0.297	0.264	0.239	0.249	0.26	0.277	0.289	0.288	0.284	0.346	0.351	0.355	0.373	0.345	0.303	0.297	0.309	0.278	0.281	0.273	0.265	0.304	0.301	0.291	0.306	0.128	0.124	0.769	0.935	1.151	0.911	0.181	1.081	1.073	1.122	1.109	1.079	1.058	1.066	1.125	1.139	1.14	1.166	1.168	1.108	1.066	1.14	1.083	1.191
12:02:47	29	0.264	0.227	0.236	0.236	0.35	0.385	0.375	0.381	0.246	0.253	0.208	0.264	0.218	0.199	0.203	0.204	0.233	0.213	0.207	0.212	0.168	0.171	0.172	0.17	0.279	0.228	0.227	0.226	0.334	0.293	0.207	0.199	0.204	0.216	0.23	0.222	0.294	0.27	0.263	0.275	0.271	0.273	0.277	0.269	0.32	0.302	0.302	0.307	0.269	0.247	0.256	0.263	0.284	0.299	0.298	0.293	0.356	0.363	0.365	0.386	0.356	0.315	0.307	0.319	0.287	0.288	0.279	0.275	0.314	0.31	0.301	0.314	0.128	0.124	0.776	0.928	1.14	0.908	0.189	1.078	1.071	1.123	1.099	1.075	1.072	1.085	1.137	1.136	1.161	1.164	1.166	1.11	1.064	1.116	1.079	1.189
12:18:50	29.1	0.27	0.231	0.242	0.238	0.359	0.394	0.388	0.393	0.246	0.258	0.213	0.27	0.222	0.199	0.205	0.207	0.236	0.216	0.209	0.214	0.17	0.172	0.174	0.171	0.289	0.227	0.224	0.232	0.342	0.299	0.209	0.203	0.207	0.219	0.231	0.226	0.299	0.276	0.269	0.281	0.278	0.272	0.281	0.282	0.33	0.313	0.31	0.314	0.277	0.253	0.26	0.269	0.29	0.307	0.307	0.301	0.365	0.375	0.377	0.395	0.369	0.323	0.317	0.328	0.296	0.296	0.286	0.281	0.324	0.319	0.312	0.322	0.128	0.126	0.759	0.935	1.146	0.915	0.196	1.076	1.072	1.112	1.103	1.075	1.083	1.091	1.125	1.137	1.139	1.164	1.185	1.11	1.066	1.14	1.083	1.19
12:34:54	29	0.273	0.238	0.248	0.244	0.368	0.408	0.397	0.407	0.255	0.265	0.226	0.274	0.224	0.204	0.207	0.209	0.239	0.218	0.214	0.218	0.172	0.174	0.177	0.173	0.296	0.234	0.229	0.238	0.35	0.304	0.211	0.206	0.212	0.225	0.235	0.232	0.306	0.28	0.277	0.287	0.286	0.285	0.291	0.295	0.343	0.322	0.322	0.327	0.283	0.259	0.266	0.278	0.298	0.314	0.314	0.312	0.374	0.383	0.39	0.406	0.383	0.334	0.325	0.339	0.306	0.302	0.296	0.291	0.335	0.329	0.32	0.332	0.128	0.124	0.767	0.94	1.143	0.91	0.213	1.074	1.069	1.106	1.096	1.071	1.133	1.085	1.124	1.136	1.132	1.162	1.165	1.108	1.061	1.164	1.079	1.189
12:50:57	29	0.279	0.241	0.254	0.252	0.38	0.424	0.411	0.419	0.255	0.265	0.23	0.278	0.229	0.206	0.21	0.212	0.244	0.223	0.216	0.222	0.173	0.175	0.178	0.174	0.3	0.247	0.252	0.26	0.359	0.31	0.216	0.208	0.22	0.23	0.242	0.234	0.317	0.287	0.283	0.293	0.301	0.289	0.273	0.307	0.354	0.333	0.33	0.335	0.288	0.266	0.275	0.281	0.304	0.324	0.325	0.316	0.383	0.391	0.397	0.418	0.396	0.345	0.337	0.351	0.315	0.311	0.303	0.3	0.345	0.341	0.33	0.341	0.128	0.124	0.771	0.935	1.142	0.91	0.222	1.072	1.063	1.113	1.093	1.072	1.112	1.08	1.128	1.133	1.162	1.161	1.161	1.108	1.062	1.15	1.08	1.19
13:07:01	29	0.283	0.247	0.256	0.256	0.392	0.434	0.423	0.426	0.261	0.272	0.231	0.29	0.233	0.209	0.213	0.216	0.249	0.228	0.223	0.229	0.175	0.178	0.179	0.175	0.304	0.252	0.25	0.253	0.371	0.314	0.221	0.213	0.226	0.234	0.25	0.24	0.326	0.299	0.294	0.302	0.307	0.293	0.28	0.326	0.365	0.343	0.341	0.347	0.295	0.272	0.281	0.291	0.314	0.336	0.332	0.329	0.394	0.403	0.408	0.427	0.411	0.354	0.346	0.361	0.325	0.322	0.313	0.309	0.358	0.352	0.34	0.35	0.128	0.124	0.768	0.93	1.146	0.898	0.227	1.072	1.069	1.097	1.088	1.069	1.096	1.073	1.123	1.131	1.138	1.16	1.166	1.105	1.059	1.135	1.079	1.19
13:23:04	29	0.292	0.254	0.262	0.259	0.398	0.447	0.435	0.441	0.266	0.278	0.237	0.292	0.238	0.215	0.216	0.221	0.26	0.237	0.232	0.241	0.177	0.179	0.182	0.178	0.313	0.259	0.262	0.258	0.378	0.322	0.225	0.219	0.232	0.24	0.253	0.248	0.333	0.308	0.302	0.314	0.302	0.307	0.296	0.328	0.377	0.353	0.355	0.357	0.302	0.281	0.287	0.3	0.322	0.343	0.343	0.339	0.405	0.416	0.42	0.44	0.423	0.367	0.356	0.371	0.331	0.333	0.325	0.317	0.373	0.365	0.351	0.36	0.128	0.125	0.777	0.924	1.139	0.899	0.24	1.068	1.061	1.098	1.087	1.067	1.108	1.071	1.113	1.131	1.117	1.158	1.165	1.101	1.069	1.171	1.076	1.189
13:39:07	29.1	0.298	0.255	0.263	0.263	0.407	0.456	0.442	0.448	0.273	0.284	0.249	0.299	0.246	0.222	0.223	0.226	0.261	0.241	0.234	0.241	0.179	0.181	0.185	0.18	0.321	0.27	0.263	0.28	0.391	0.331	0.234	0.225	0.234	0.245	0.255	0.253	0.346	0.316	0.31	0.323	0.313	0.315	0.299	0.332	0.389	0.366	0.362	0.368	0.312	0.29	0.3	0.307	0.328	0.354	0.353	0.35	0.418	0.429	0.434	0.452	0.436	0.38	0.367	0.381	0.342	0.342	0.334	0.328	0.385	0.378	0.36	0.37	0.128	0.124	0.768	0.926	1.15	0.91	0.25	1.067	1.062	1.094	1.089	1.061	1.114	1.073	1.123	1.132	1.135	1.163	1.165	1.107	1.067	1.126	1.079	1.194
13:55:11	29.1	0.306	0.257	0.267	0.269	0.414	0.461	0.451	0.458	0.279	0.291	0.254	0.311	0.252	0.225	0.229	0.232	0.268	0.246	0.238	0.247	0.183	0.184	0.186	0.182	0.329	0.276	0.274	0.28	0.397	0.34	0.237	0.231	0.24	0.249	0.262	0.255	0.356	0.326	0.32	0.333	0.327	0.322	0.319	0.349	0.4	0.377	0.374	0.38	0.321	0.298	0.31	0.314	0.337	0.366	0.362	0.358	0.428	0.439	0.444	0.462	0.451	0.389	0.376	0.393	0.353	0.352	0.344	0.336	0.394	0.386	0.372	0.38	0.128	0.124	0.763	0.934	1.148	0.904	0.267	1.064	1.06	1.09	1.091	1.057	1.112	1.069	1.118	1.132	1.13	1.158	1.156	1.109	1.097	1.112	1.075	1.191
14:11:14	29.1	0.317	0.264	0.271	0.272	0.422	0.469	0.459	0.466	0.286	0.3	0.262	0.311	0.257	0.231	0.236	0.236	0.273	0.251	0.241	0.251	0.185	0.186	0.188	0.184	0.335	0.282	0.277	0.284	0.407	0.347	0.241	0.238	0.243	0.257	0.269	0.264	0.368	0.336	0.33	0.343	0.327	0.328	0.323	0.343	0.415	0.388	0.384	0.389	0.327	0.308	0.318	0.324	0.349	0.375	0.374	0.367	0.437	0.447	0.453	0.471	0.464	0.4	0.39	0.402	0.362	0.366	0.354	0.348	0.408	0.399	0.383	0.388	0.128	0.124	0.753	0.925	1.146	0.89	0.287	1.064	1.064	1.094	1.086	1.054	1.114	1.07	1.12	1.129	1.134	1.154	1.17	1.103	1.07	1.106	1.076	1.194
14:27:17	29	0.325	0.268	0.277	0.276	0.43	0.479	0.465	0.476	0.295	0.305	0.27	0.318	0.263	0.236	0.24	0.242	0.278	0.256	0.245	0.255	0.188	0.188	0.193	0.186	0.342	0.295	0.295	0.293	0.421	0.357	0.244	0.234	0.251	0.262	0.276	0.271	0.381	0.347	0.342	0.353	0.35	0.341	0.328	0.363	0.425	0.4	0.393	0.401	0.341	0.317	0.328	0.336	0.357	0.384	0.381	0.377	0.448	0.462	0.463	0.486	0.476	0.411	0.402	0.415	0.376	0.38	0.368	0.359	0.42	0.414	0.393	0.401	0.128	0.124	0.773	0.918	1.135	0.888	0.307	1.061	1.056	1.087	1.079	1.054	1.079	1.069	1.115	1.133	1.115	1.155	1.156	1.116	1.066	1.105	1.076	1.194
14:43:21	29	0.33	0.274	0.283	0.283	0.434	0.484	0.472	0.482	0.3	0.309	0.276	0.328	0.267	0.24	0.243	0.245	0.284	0.263	0.253	0.26	0.19	0.19	0.194	0.188	0.352	0.303	0.295	0.301	0.426	0.367	0.248	0.24	0.257	0.269	0.285	0.278	0.392	0.359	0.35	0.362	0.35	0.35	0.35	0.374	0.436	0.409	0.406	0.409	0.348	0.325	0.336	0.342	0.364	0.394	0.391	0.388	0.458	0.468	0.475	0.491	0.492	0.422	0.409	0.425	0.387	0.392	0.38	0.369	0.434	0.425	0.404	0.41	0.127	0.125	0.767	0.914	1.134	0.88	0.327	1.06	1.048	1.09	1.083	1.049	1.081	1.072	1.13	1.141	1.129	1.153	1.155	1.104	1.051	1.104	1.078	1.194
14:59:24	29	0.337	0.281	0.289	0.289	0.44	0.491	0.479	0.486	0.31	0.316	0.284	0.336	0.272	0.245	0.249	0.251	0.29	0.266	0.256	0.266	0.192	0.193	0.196	0.192	0.359	0.307	0.318	0.31	0.433	0.377	0.257	0.248	0.264	0.274	0.295	0.284	0.4	0.368	0.36	0.371	0.369	0.359	0.362	0.377	0.444	0.419	0.414	0.416	0.357	0.334	0.345	0.353	0.376	0.406	0.402	0.399	0.467	0.474	0.481	0.501	0.502	0.433	0.419	0.438	0.397	0.401	0.391	0.381	0.443	0.433	0.415	0.421	0.127	0.124	0.736	0.919	1.13	0.891	0.345	1.059	1.049	1.083	1.078	1.05	1.077	1.069	1.132	1.151	1.128	1.15	1.153	1.098	1.053	1.107	1.074	1.196
15:15:28	29.1	0.346	0.292	0.297	0.297	0.449	0.503	0.485	0.493	0.317	0.327	0.294	0.343	0.275	0.25	0.255	0.255	0.295	0.272	0.262	0.271	0.194	0.195	0.2	0.195	0.367	0.318	0.325	0.317	0.445	0.387	0.263	0.253	0.269	0.284	0.301	0.29	0.409	0.38	0.371	0.382	0.376	0.368	0.372	0.386	0.457	0.43	0.426	0.43	0.367	0.342	0.357	0.357	0.385	0.416	0.41	0.408	0.477	0.487	0.493	0.512	0.52	0.446	0.431	0.451	0.409	0.415	0.403	0.391	0.459	0.45	0.428	0.429	0.127	0.125	0.735	0.899	1.12	0.872	0.374	1.058	1.047	1.095	1.078	1.045	1.077	1.068	1.128	1.158	1.111	1.152	1.171	1.118	1.049	1.097	1.077	1.198
15:31:31	29	0.353	0.298	0.305	0.302	0.454	0.506	0.492	0.5	0.326	0.334	0.301	0.354	0.284	0.256	0.258	0.262	0.3	0.279	0.27	0.275	0.197	0.196	0.203	0.198	0.374	0.325	0.334	0.326	0.452	0.395	0.27	0.263	0.277	0.291	0.308	0.298	0.422	0.387	0.383	0.391	0.382	0.379	0.382	0.398	0.472	0.442	0.433	0.441	0.377	0.352	0.365	0.37	0.393	0.427	0.423	0.42	0.489	0.498	0.498	0.523	0.535	0.458	0.442	0.461	0.42	0.425	0.413	0.404	0.471	0.461	0.438	0.441	0.127	0.124	0.728	0.899	1.119	0.871	0.394	1.054	1.045	1.084	1.074	1.051	1.083	1.06	1.145	1.15	1.112	1.146	1.17	1.127	1.044	1.096	1.076	1.195
15:47:35	29	0.362	0.306	0.311	0.311	0.459	0.514	0.499	0.505	0.334	0.345	0.312	0.361	0.29	0.262	0.265	0.268	0.308	0.284	0.277	0.285	0.203	0.2	0.206	0.203	0.382	0.342	0.339	0.338	0.46	0.404	0.274	0.267	0.284	0.299	0.313	0.306	0.434	0.396	0.392	0.403	0.391	0.39	0.392	0.405	0.481	0.453	0.447	0.45	0.384	0.365	0.376	0.379	0.403	0.44	0.433	0.432	0.499	0.505	0.512	0.53	0.546	0.471	0.453	0.474	0.43	0.439	0.425	0.413	0.48	0.473	0.45	0.451	0.127	0.124	0.728	0.909	1.13	0.872	0.43	1.055	1.044	1.081	1.071	1.044	1.079	1.06	1.129	1.147	1.111	1.146	1.172	1.132	1.043	1.097	1.076	1.196
16:03:38	29.1	0.37	0.314	0.32	0.319	0.462	0.52	0.501	0.508	0.345	0.354	0.315	0.372	0.299	0.269	0.275	0.275	0.317	0.295	0.287	0.293	0.207	0.204	0.21	0.205	0.392	0.35	0.354	0.345	0.47	0.414	0.282	0.273	0.291	0.309	0.32	0.315	0.445	0.409	0.404	0.413	0.404	0.397	0.402	0.418	0.494	0.463	0.456	0.458	0.396	0.369	0.385	0.391	0.414	0.45	0.446	0.442	0.507	0.515	0.517	0.541	0.564	0.485	0.464	0.485	0.443	0.454	0.435	0.423	0.492	0.486	0.46	0.463	0.127	0.123	0.733	0.946	1.12	0.869	0.45	1.054	1.037	1.079	1.076	1.039	1.077	1.059	1.14	1.15	1.105	1.148	1.174	1.135	1.044	1.094	1.073	1.197
16:19:41	29.1	0.381	0.323	0.329	0.329	0.469	0.527	0.51	0.517	0.352	0.364	0.327	0.379	0.308	0.277	0.282	0.284	0.325	0.302	0.296	0.303	0.211	0.212	0.215	0.21	0.4	0.356	0.359	0.354	0.481	0.424	0.286	0.28	0.3	0.319	0.335	0.32	0.458	0.418	0.41	0.424	0.413	0.407	0.41	0.429	0.508	0.476	0.469	0.472	0.407	0.384	0.393	0.398	0.421	0.458	0.46	0.456	0.515	0.526	0.529	0.547	0.578	0.497	0.476	0.497	0.457	0.466	0.446	0.437	0.506	0.498	0.471	0.473	0.127	0.124	0.727	0.892	1.12	0.858	0.482	1.051	1.036	1.075	1.069	1.042	1.079	1.057	1.136	1.144	1.102	1.147	1.174	1.13	1.041	1.093	1.075	1.199
16:35:45	29	0.391	0.331	0.337	0.338	0.474	0.529	0.516	0.522	0.36	0.373	0.338	0.388	0.313	0.286	0.29	0.288	0.332	0.311	0.304	0.31	0.216	0.215	0.221	0.212	0.408	0.365	0.366	0.364	0.492	0.432	0.295	0.287	0.31	0.325	0.337	0.332	0.471	0.429	0.425	0.436	0.422	0.418	0.422	0.438	0.517	0.488	0.477	0.478	0.416	0.392	0.404	0.409	0.43	0.469	0.464	0.466	0.525	0.531	0.536	0.556	0.591	0.506	0.488	0.511	0.465	0.479	0.46	0.447	0.519	0.506	0.487	0.481	0.127	0.123	0.718	0.918	1.11	0.856	0.518	1.05	1.037	1.073	1.069	1.039	1.075	1.057	1.155	1.145	1.104	1.149	1.176	1.133	1.039	1.091	1.076	1.199
16:51:48	29	0.398	0.339	0.347	0.345	0.473	0.532	0.516	0.524	0.368	0.382	0.345	0.392	0.324	0.292	0.299	0.299	0.341	0.321	0.314	0.317	0.22	0.221	0.225	0.223	0.419	0.377	0.375	0.376	0.497	0.442	0.303	0.293	0.315	0.336	0.351	0.341	0.483	0.442	0.436	0.446	0.432	0.428	0.428	0.444	0.529	0.493	0.483	0.484	0.429	0.401	0.415	0.419	0.439	0.48	0.473	0.473	0.529	0.534	0.536	0.558	0.601	0.516	0.497	0.517	0.478	0.49	0.47	0.458	0.529	0.517	0.493	0.489	0.127	0.124	0.735	0.893	1.113	0.859	0.557	1.046	1.036	1.091	1.07	1.033	1.076	1.056	1.182	1.146	1.101	1.144	1.175	1.132	1.06	1.089	1.072	1.202
17:07:52	29.1	0.405	0.349	0.355	0.354	0.483	0.538	0.525	0.535	0.378	0.394	0.356	0.404	0.334	0.3	0.308	0.307	0.351	0.328	0.326	0.325	0.233	0.224	0.23	0.23	0.428	0.386	0.386	0.384	0.509	0.451	0.311	0.305	0.326	0.346	0.358	0.35	0.494	0.451	0.444	0.458	0.443	0.438	0.44	0.458	0.543	0.508	0.497	0.499	0.439	0.411	0.426	0.428	0.45	0.491	0.484	0.487	0.538	0.542	0.544	0.564	0.619	0.528	0.509	0.53	0.492	0.507	0.484	0.471	0.544	0.531	0.505	0.5	0.127	0.123	0.72	0.886	1.122	0.851	0.596	1.047	1.032	1.075	1.069	1.037	1.072	1.054	1.163	1.147	1.098	1.143	1.176	1.135	1.069	1.089	1.071	1.2
17:23:55	29.1	0.419	0.359	0.361	0.362	0.483	0.543	0.53	0.537	0.384	0.402	0.366	0.413	0.342	0.311	0.317	0.318	0.36	0.337	0.333	0.338	0.231	0.229	0.236	0.23	0.438	0.397	0.397	0.393	0.518	0.461	0.319	0.313	0.338	0.356	0.365	0.359	0.507	0.463	0.456	0.47	0.453	0.446	0.445	0.463	0.555	0.514	0.505	0.504	0.446	0.423	0.435	0.437	0.459	0.5	0.491	0.494	0.537	0.546	0.548	0.569	0.626	0.537	0.513	0.531	0.504	0.521	0.493	0.484	0.551	0.539	0.515	0.504	0.127	0.123	0.741	0.933	1.11	0.855	0.636	1.044	1.03	1.07	1.065	1.036	1.071	1.055	1.151	1.148	1.099	1.144	1.176	1.135	1.067	1.095	1.073	1.2
17:39:59	29	0.424	0.366	0.37	0.371	0.482	0.547	0.534	0.541	0.392	0.411	0.372	0.417	0.352	0.319	0.325	0.326	0.371	0.345	0.342	0.345	0.236	0.234	0.238	0.234	0.445	0.407	0.408	0.401	0.524	0.47	0.328	0.321	0.342	0.365	0.374	0.368	0.519	0.474	0.468	0.477	0.459	0.456	0.453	0.472	0.563	0.519	0.511	0.509	0.456	0.432	0.445	0.45	0.469	0.51	0.498	0.503	0.542	0.552	0.552	0.571	0.639	0.542	0.52	0.538	0.516	0.531	0.508	0.491	0.561	0.547	0.518	0.512	0.127	0.123	0.718	0.889	1.101	0.854	0.666	1.044	1.029	1.069	1.064	1.033	1.072	1.053	1.159	1.147	1.094	1.14	1.177	1.135	1.067	1.087	1.069	1.2
17:56:03	29	0.431	0.374	0.378	0.381	0.483	0.551	0.543	0.544	0.399	0.422	0.385	0.428	0.363	0.329	0.335	0.334	0.381	0.352	0.349	0.352	0.241	0.237	0.246	0.243	0.455	0.419	0.417	0.412	0.531	0.478	0.338	0.327	0.35	0.375	0.386	0.377	0.53	0.484	0.481	0.49	0.469	0.462	0.462	0.481	0.571	0.527	0.518	0.517	0.47	0.442	0.457	0.459	0.475	0.52	0.511	0.513	0.551	0.557	0.559	0.578	0.652	0.546	0.524	0.545	0.523	0.543	0.517	0.501	0.575	0.561	0.532	0.523	0.127	0.124	0.722	0.888	1.108	0.822	0.708	1.043	1.027	1.069	1.061	1.029	1.069	1.053	1.148	1.145	1.091	1.138	1.179	1.136	1.064	1.084	1.072	1.2
18:12:06	29	0.44	0.386	0.388	0.388	0.487	0.549	0.542	0.542	0.406	0.431	0.393	0.433	0.371	0.339	0.343	0.344	0.389	0.364	0.361	0.361	0.249	0.244	0.252	0.256	0.464	0.423	0.425	0.419	0.538	0.488	0.343	0.337	0.358	0.383	0.393	0.386	0.543	0.495	0.49	0.5	0.477	0.471	0.469	0.488	0.577	0.532	0.524	0.522	0.481	0.454	0.466	0.47	0.485	0.53	0.52	0.522	0.552	0.564	0.565	0.583	0.662	0.552	0.527	0.552	0.534	0.556	0.527	0.512	0.583	0.569	0.537	0.524	0.127	0.123	0.714	0.887	1.099	0.84	0.744	1.042	1.023	1.067	1.059	1.027	1.068	1.055	1.19	1.148	1.098	1.138	1.177	1.135	1.072	1.085	1.066	1.203
18:28:10	29	0.447	0.394	0.398	0.397	0.488	0.551	0.545	0.544	0.41	0.439	0.399	0.441	0.379	0.347	0.353	0.353	0.398	0.373	0.367	0.371	0.254	0.25	0.258	0.257	0.47	0.435	0.438	0.426	0.54	0.498	0.352	0.343	0.368	0.391	0.403	0.393	0.556	0.51	0.501	0.51	0.484	0.479	0.481	0.498	0.582	0.538	0.529	0.529	0.49	0.461	0.476	0.478	0.492	0.539	0.524	0.529	0.555	0.564	0.566	0.584	0.667	0.558	0.535	0.559	0.545	0.566	0.536	0.521	0.592	0.573	0.541	0.529	0.127	0.123	0.719	0.891	1.1	0.839	0.777	1.036	1.03	1.066	1.058	1.024	1.064	1.048	1.17	1.146	1.091	1.136	1.176	1.139	1.062	1.083	1.065	1.204
18:44:13	29.1	0.454	0.404	0.408	0.406	0.494	0.556	0.544	0.546	0.417	0.448	0.413	0.453	0.39	0.355	0.363	0.362	0.408	0.381	0.376	0.379	0.26	0.257	0.263	0.265	0.479	0.444	0.445	0.437	0.543	0.5	0.359	0.349	0.376	0.403	0.41	0.402	0.564	0.52	0.512	0.523	0.488	0.483	0.487	0.504	0.588	0.544	0.536	0.533	0.5	0.471	0.484	0.486	0.5	0.551	0.538	0.537	0.56	0.57	0.571	0.59	0.675	0.565	0.54	0.562	0.555	0.578	0.55	0.531	0.603	0.581	0.55	0.535	0.127	0.124	0.719	0.891	1.104	0.81	0.817	1.037	1.018	1.062	1.06	1.026	1.063	1.052	1.189	1.141	1.087	1.134	1.177	1.139	1.063	1.086	1.067	1.203
19:00:17	29.1	0.46	0.409	0.416	0.413	0.491	0.559	0.547	0.549	0.422	0.455	0.418	0.461	0.401	0.366	0.369	0.372	0.416	0.389	0.383	0.387	0.268	0.264	0.271	0.267	0.482	0.45	0.45	0.441	0.549	0.514	0.367	0.358	0.385	0.412	0.421	0.412	0.572	0.527	0.522	0.528	0.496	0.49	0.495	0.51	0.597	0.55	0.541	0.537	0.511	0.481	0.494	0.494	0.503	0.558	0.545	0.541	0.565	0.573	0.574	0.594	0.68	0.57	0.543	0.563	0.563	0.585	0.559	0.536	0.609	0.583	0.554	0.538	0.127	0.124	0.723	0.886	1.089	0.835	0.852	1.036	1.019	1.061	1.058	1.025	1.063	1.047	1.17	1.141	1.09	1.134	1.176	1.141	1.063	1.082	1.065	1.206
19:16:20	29.1	0.458	0.419	0.424	0.425	0.494	0.564	0.551	0.551	0.428	0.464	0.428	0.467	0.407	0.373	0.379	0.375	0.428	0.398	0.394	0.395	0.276	0.271	0.277	0.278	0.493	0.457	0.452	0.448	0.552	0.521	0.374	0.365	0.392	0.419	0.433	0.418	0.579	0.537	0.529	0.536	0.498	0.493	0.5	0.513	0.601	0.558	0.546	0.543	0.519	0.489	0.502	0.502	0.512	0.565	0.546	0.548	0.57	0.579	0.578	0.598	0.688	0.578	0.548	0.572	0.573	0.597	0.564	0.542	0.612	0.593	0.559	0.542	0.127	0.124	0.723	0.895	1.096	0.827	0.884	1.034	1.025	1.06	1.06	1.021	1.059	1.047	1.187	1.139	1.087	1.136	1.175	1.149	1.077	1.079	1.062	1.208
19:32:23	29	0.465	0.429	0.436	0.433	0.497	0.566	0.554	0.553	0.437	0.475	0.436	0.48	0.421	0.384	0.389	0.385	0.438	0.408	0.402	0.404	0.283	0.277	0.286	0.287	0.5	0.465	0.456	0.452	0.557	0.528	0.384	0.375	0.399	0.431	0.435	0.428	0.581	0.545	0.538	0.544	0.508	0.499	0.507	0.511	0.61	0.564	0.555	0.546	0.529	0.498	0.514	0.513	0.519	0.57	0.552	0.552	0.573	0.58	0.581	0.598	0.694	0.58	0.553	0.576	0.58	0.603	0.57	0.547	0.619	0.6	0.566	0.545	0.128	0.124	0.72	0.885	1.075	0.826	0.927	1.033	1.016	1.061	1.048	1.02	1.059	1.047	1.156	1.139	1.09	1.135	1.175	1.14	1.059	1.079	1.064	1.21
19:48:27	29.1	0.467	0.437	0.446	0.44	0.504	0.569	0.56	0.557	0.444	0.48	0.444	0.483	0.43	0.393	0.4	0.393	0.446	0.417	0.413	0.412	0.292	0.287	0.294	0.291	0.508	0.467	0.463	0.459	0.569	0.535	0.394	0.38	0.409	0.444	0.445	0.436	0.59	0.55	0.543	0.549	0.517	0.503	0.507	0.509	0.617	0.573	0.559	0.551	0.539	0.511	0.521	0.519	0.519	0.577	0.56	0.559	0.576	0.583	0.583	0.605	0.707	0.587	0.556	0.581	0.589	0.612	0.575	0.552	0.625	0.607	0.571	0.551	0.127	0.124	0.722	0.89	1.094	0.831	0.965	1.032	1.015	1.059	1.049	1.02	1.057	1.052	1.149	1.138	1.085	1.137	1.174	1.136	1.062	1.077	1.06	1.21
20:04:30	29	0.466	0.45	0.452	0.447	0.508	0.568	0.56	0.557	0.445	0.486	0.449	0.489	0.437	0.402	0.408	0.405	0.455	0.423	0.42	0.42	0.303	0.295	0.302	0.294	0.513	0.47	0.469	0.465	0.572	0.541	0.402	0.389	0.414	0.448	0.452	0.445	0.595	0.555	0.548	0.552	0.52	0.506	0.508	0.504	0.622	0.572	0.562	0.553	0.545	0.52	0.526	0.526	0.521	0.579	0.562	0.564	0.578	0.584	0.585	0.604	0.71	0.59	0.561	0.581	0.594	0.614	0.577	0.557	0.624	0.61	0.573	0.553	0.127	0.123	0.729	0.892	1.082	0.82	0.999	1.03	1.011	1.06	1.052	1.017	1.062	1.054	1.164	1.14	1.083	1.134	1.171	1.137	1.064	1.082	1.061	1.212
20:20:34	29.1	0.47	0.457	0.459	0.453	0.511	0.571	0.563	0.561	0.455	0.496	0.458	0.499	0.448	0.411	0.421	0.416	0.466	0.43	0.427	0.427	0.309	0.303	0.311	0.3	0.519	0.474	0.479	0.476	0.575	0.55	0.41	0.397	0.424	0.457	0.458	0.454	0.602	0.56	0.552	0.563	0.534	0.514	0.505	0.503	0.626	0.578	0.565	0.557	0.556	0.526	0.537	0.535	0.524	0.587	0.569	0.573	0.581	0.586	0.584	0.611	0.722	0.591	0.562	0.584	0.6	0.623	0.584	0.56	0.635	0.621	0.578	0.554	0.128	0.123	0.726	0.893	1.09	0.826	1.029	1.03	1.012	1.056	1.05	1.024	1.052	1.044	1.153	1.163	1.081	1.135	1.168	1.139	1.063	1.076	1.062	1.215
20:36:38	29.1	0.472	0.466	0.46	0.458	0.513	0.574	0.563	0.56	0.454	0.499	0.46	0.499	0.454	0.422	0.428	0.421	0.473	0.439	0.434	0.434	0.319	0.31	0.32	0.317	0.52	0.481	0.481	0.476	0.579	0.553	0.417	0.404	0.43	0.467	0.466	0.459	0.606	0.565	0.558	0.562	0.531	0.513	0.5	0.503	0.629	0.583	0.567	0.552	0.559	0.533	0.542	0.542	0.526	0.591	0.573	0.574	0.584	0.587	0.587	0.611	0.721	0.591	0.563	0.587	0.602	0.626	0.591	0.563	0.637	0.623	0.576	0.558	0.128	0.123	0.729	0.932	1.08	0.814	1.062	1.027	1.012	1.055	1.044	1.011	1.051	1.043	1.139	1.139	1.079	1.133	1.167	1.135	1.061	1.074	1.057	1.214
20:52:41	29.1	0.473	0.473	0.47	0.462	0.516	0.578	0.568	0.563	0.46	0.505	0.466	0.506	0.467	0.428	0.437	0.429	0.482	0.444	0.439	0.441	0.328	0.319	0.329	0.322	0.521	0.488	0.482	0.478	0.581	0.556	0.423	0.412	0.438	0.476	0.476	0.465	0.611	0.571	0.564	0.568	0.529	0.517	0.507	0.508	0.635	0.586	0.569	0.556	0.569	0.539	0.548	0.547	0.53	0.595	0.578	0.579	0.585	0.594	0.587	0.615	0.727	0.598	0.567	0.589	0.608	0.636	0.593	0.569	0.637	0.628	0.58	0.558	0.128	0.124	0.729	0.886	1.074	0.836	1.093	1.024	1.008	1.054	1.041	1.011	1.057	1.04	1.136	1.136	1.071	1.134	1.167	1.135	1.06	1.076	1.057	1.217
21:08:44	29.1	0.478	0.48	0.472	0.467	0.52	0.581	0.569	0.566	0.462	0.506	0.472	0.512	0.475	0.44	0.446	0.44	0.492	0.454	0.45	0.448	0.336	0.327	0.338	0.328	0.523	0.492	0.483	0.486	0.589	0.563	0.431	0.42	0.445	0.484	0.481	0.472	0.616	0.575	0.569	0.574	0.523	0.519	0.524	0.529	0.637	0.589	0.573	0.561	0.578	0.546	0.551	0.547	0.535	0.599	0.582	0.583	0.585	0.596	0.589	0.616	0.729	0.601	0.572	0.595	0.613	0.641	0.599	0.572	0.643	0.633	0.585	0.563	0.128	0.124	0.775	0.967	1.075	0.83	1.121	1.025	1.007	1.053	1.041	1.01	1.051	1.04	1.146	1.142	1.082	1.133	1.166	1.133	1.06	1.077	1.058	1.22
21:24:48	29	0.48	0.487	0.477	0.472	0.527	0.578	0.572	0.568	0.467	0.514	0.48	0.519	0.485	0.449	0.456	0.45	0.498	0.461	0.46	0.454	0.346	0.338	0.346	0.342	0.527	0.491	0.493	0.482	0.59	0.568	0.439	0.428	0.453	0.492	0.495	0.482	0.62	0.579	0.579	0.579	0.527	0.527	0.525	0.534	0.64	0.59	0.573	0.564	0.585	0.551	0.557	0.555	0.534	0.606	0.584	0.588	0.587	0.597	0.592	0.619	0.736	0.605	0.58	0.596	0.617	0.645	0.606	0.574	0.649	0.637	0.586	0.564	0.127	0.124	0.726	0.895	1.073	0.826	1.129	1.027	1.004	1.05	1.039	1.006	1.054	1.038	1.163	1.135	1.08	1.134	1.163	1.134	1.06	1.074	1.058	1.222
21:40:51	29.1	0.488	0.489	0.48	0.474	0.525	0.58	0.569	0.568	0.47	0.523	0.483	0.522	0.493	0.456	0.462	0.454	0.506	0.465	0.461	0.458	0.355	0.34	0.353	0.343	0.529	0.491	0.487	0.483	0.592	0.569	0.445	0.432	0.461	0.5	0.501	0.488	0.625	0.582	0.583	0.585	0.541	0.53	0.53	0.518	0.644	0.592	0.574	0.57	0.588	0.556	0.559	0.557	0.536	0.604	0.589	0.591	0.591	0.6	0.596	0.621	0.739	0.61	0.582	0.595	0.621	0.648	0.61	0.579	0.651	0.638	0.588	0.568	0.128	0.123	0.718	0.966	1.063	0.831	1.119	1.024	1.007	1.05	1.038	1.007	1.047	1.036	1.144	1.138	1.075	1.129	1.16	1.128	1.057	1.07	1.054	1.222
21:56:55	29.1	0.495	0.493	0.484	0.477	0.528	0.585	0.57	0.567	0.47	0.523	0.489	0.525	0.502	0.463	0.468	0.459	0.51	0.473	0.47	0.466	0.364	0.35	0.361	0.351	0.532	0.497	0.484	0.486	0.592	0.573	0.451	0.437	0.469	0.506	0.503	0.491	0.626	0.588	0.58	0.586	0.53	0.53	0.523	0.519	0.644	0.594	0.574	0.572	0.593	0.56	0.566	0.556	0.537	0.607	0.589	0.588	0.591	0.602	0.602	0.624	0.743	0.609	0.581	0.599	0.624	0.651	0.608	0.577	0.65	0.638	0.587	0.571	0.128	0.124	0.751	0.936	1.066	0.797	1.109	1.02	1.004	1.046	1.034	1.005	1.047	1.041	1.15	1.13	1.07	1.13	1.162	1.131	1.053	1.067	1.051	1.225
22:12:58	29.1	0.489	0.497	0.489	0.479	0.534	0.589	0.57	0.57	0.477	0.531	0.496	0.529	0.51	0.472	0.475	0.467	0.52	0.478	0.474	0.474	0.373	0.359	0.371	0.36	0.537	0.502	0.489	0.497	0.595	0.579	0.46	0.442	0.476	0.512	0.514	0.503	0.63	0.598	0.585	0.591	0.537	0.535	0.513	0.514	0.65	0.596	0.577	0.576	0.597	0.563	0.574	0.563	0.541	0.609	0.594	0.594	0.595	0.606	0.6	0.627	0.746	0.616	0.584	0.603	0.626	0.656	0.615	0.582	0.657	0.646	0.592	0.575	0.128	0.124	0.723	0.888	1.061	0.835	1.1	1.019	1.002	1.046	1.038	1.004	1.045	1.033	1.132	1.129	1.074	1.128	1.16	1.129	1.05	1.068	1.054	1.228
22:29:02	29.1	0.507	0.5	0.491	0.484	0.536	0.59	0.572	0.575	0.483	0.536	0.499	0.534	0.516	0.477	0.482	0.474	0.526	0.486	0.482	0.483	0.381	0.366	0.377	0.371	0.539	0.5	0.497	0.493	0.602	0.586	0.463	0.451	0.481	0.52	0.511	0.506	0.632	0.601	0.59	0.594	0.538	0.536	0.526	0.532	0.65	0.6	0.584	0.579	0.603	0.569	0.578	0.568	0.541	0.612	0.596	0.595	0.597	0.61	0.608	0.63	0.752	0.614	0.581	0.603	0.628	0.658	0.615	0.582	0.659	0.648	0.592	0.582	0.128	0.123	0.727	0.992	1.056	0.788	1.095	1.016	0.998	1.043	1.036	1.001	1.041	1.034	1.137	1.129	1.075	1.127	1.151	1.127	1.052	1.07	1.051	1.229
22:45:05	29.1	0.5	0.504	0.496	0.49	0.537	0.591	0.573	0.576	0.49	0.542	0.503	0.538	0.522	0.486	0.487	0.482	0.535	0.492	0.488	0.489	0.389	0.374	0.386	0.376	0.542	0.498	0.511	0.504	0.603	0.593	0.47	0.454	0.484	0.524	0.519	0.512	0.64	0.605	0.592	0.594	0.546	0.537	0.522	0.533	0.656	0.603	0.593	0.581	0.611	0.573	0.579	0.571	0.541	0.618	0.598	0.598	0.599	0.609	0.61	0.633	0.754	0.617	0.586	0.605	0.632	0.664	0.619	0.586	0.662	0.65	0.596	0.581	0.127	0.123	0.813	0.885	1.057	0.827	1.092	1.017	0.998	1.042	1.03	1.001	1.052	1.031	1.13	1.128	1.073	1.127	1.151	1.125	1.049	1.068	1.052	1.229
23:01:08	29.1	0.508	0.504	0.496	0.494	0.535	0.586	0.563	0.57	0.487	0.544	0.504	0.538	0.529	0.495	0.495	0.486	0.54	0.496	0.493	0.493	0.395	0.382	0.392	0.381	0.543	0.504	0.507	0.505	0.604	0.595	0.473	0.461	0.489	0.529	0.52	0.515	0.641	0.603	0.594	0.598	0.538	0.538	0.524	0.533	0.658	0.603	0.595	0.583	0.611	0.579	0.581	0.571	0.545	0.619	0.597	0.598	0.603	0.612	0.614	0.637	0.757	0.619	0.585	0.607	0.634	0.663	0.62	0.588	0.665	0.652	0.6	0.584	0.127	0.123	0.717	0.886	1.058	0.809	1.087	1.014	1	1.042	1.03	1.001	1.049	1.03	1.14	1.129	1.069	1.129	1.15	1.124	1.072	1.065	1.052	1.232
23:17:12	29.1	0.507	0.509	0.499	0.497	0.534	0.586	0.572	0.577	0.492	0.551	0.506	0.544	0.534	0.499	0.503	0.491	0.548	0.501	0.497	0.501	0.404	0.388	0.402	0.39	0.545	0.511	0.501	0.506	0.608	0.6	0.479	0.464	0.492	0.533	0.526	0.519	0.643	0.607	0.597	0.6	0.554	0.538	0.52	0.526	0.66	0.606	0.599	0.588	0.616	0.582	0.582	0.576	0.546	0.621	0.597	0.601	0.607	0.616	0.617	0.641	0.76	0.616	0.587	0.607	0.636	0.667	0.623	0.593	0.667	0.653	0.604	0.589	0.127	0.124	0.725	0.887	1.06	0.804	1.084	1.016	0.995	1.039	1.026	1.005	1.05	1.026	1.148	1.127	1.062	1.129	1.144	1.125	1.058	1.065	1.048	1.231
23:33:15	29.1	0.511	0.513	0.502	0.503	0.537	0.589	0.57	0.578	0.496	0.553	0.512	0.553	0.545	0.505	0.51	0.499	0.556	0.509	0.502	0.506	0.414	0.396	0.411	0.397	0.552	0.515	0.501	0.503	0.61	0.608	0.48	0.469	0.497	0.539	0.528	0.524	0.646	0.612	0.599	0.601	0.546	0.542	0.52	0.523	0.661	0.612	0.601	0.589	0.62	0.582	0.587	0.576	0.546	0.624	0.603	0.604	0.611	0.617	0.617	0.641	0.764	0.618	0.591	0.607	0.638	0.67	0.628	0.595	0.672	0.658	0.605	0.588	0.128	0.123	0.775	0.883	1.057	0.774	1.081	1.014	0.992	1.039	1.023	0.994	1.05	1.026	1.141	1.127	1.065	1.126	1.142	1.12	1.051	1.071	1.045	1.238
23:49:19	29.1	0.509	0.518	0.505	0.506	0.533	0.585	0.569	0.581	0.498	0.555	0.517	0.556	0.547	0.511	0.513	0.502	0.562	0.511	0.509	0.508	0.42	0.402	0.418	0.407	0.557	0.517	0.502	0.512	0.613	0.61	0.487	0.471	0.5	0.546	0.53	0.525	0.65	0.614	0.601	0.602	0.554	0.547	0.524	0.523	0.663	0.611	0.602	0.592	0.623	0.586	0.592	0.579	0.548	0.625	0.605	0.605	0.612	0.618	0.616	0.642	0.767	0.618	0.59	0.612	0.64	0.673	0.63	0.599	0.673	0.663	0.607	0.591	0.127	0.124	0.731	0.887	1.052	0.788	1.077	1.007	0.991	1.037	1.02	0.997	1.049	1.025	1.127	1.124	1.069	1.122	1.146	1.125	1.043	1.062	1.044	1.237
24:05:22	29.1	0.514	0.527	0.511	0.512	0.53	0.589	0.579	0.586	0.498	0.559	0.52	0.556	0.546	0.514	0.52	0.506	0.566	0.513	0.515	0.513	0.427	0.41	0.423	0.41	0.557	0.516	0.508	0.508	0.614	0.607	0.489	0.473	0.504	0.549	0.532	0.529	0.65	0.613	0.6	0.599	0.552	0.542	0.521	0.535	0.664	0.609	0.601	0.593	0.624	0.59	0.589	0.579	0.551	0.621	0.603	0.603	0.608	0.617	0.618	0.642	0.763	0.622	0.59	0.609	0.643	0.671	0.631	0.599	0.673	0.661	0.607	0.594	0.127	0.124	0.737	0.88	1.05	0.822	1.071	1.009	0.988	1.035	1.025	0.991	1.048	1.022	1.132	1.119	1.064	1.123	1.145	1.117	1.045	1.056	1.044	1.238
24:21:25	29.1	0.52	0.527	0.518	0.514	0.529	0.591	0.574	0.586	0.5	0.562	0.527	0.56	0.553	0.514	0.523	0.509	0.569	0.519	0.521	0.517	0.432	0.417	0.431	0.418	0.563	0.518	0.518	0.511	0.616	0.608	0.494	0.479	0.507	0.556	0.534	0.534	0.652	0.618	0.601	0.606	0.558	0.547	0.525	0.525	0.665	0.612	0.606	0.597	0.627	0.591	0.592	0.582	0.553	0.626	0.604	0.608	0.611	0.618	0.623	0.644	0.766	0.623	0.594	0.61	0.644	0.677	0.633	0.6	0.675	0.666	0.61	0.594	0.127	0.123	0.728	0.883	1.053	0.773	1.072	1.007	0.99	1.038	1.021	0.989	1.046	1.02	1.128	1.119	1.063	1.121	1.135	1.121	1.045	1.06	1.042	1.24
24:37:29	29.1	0.515	0.526	0.52	0.516	0.527	0.587	0.575	0.585	0.505	0.562	0.529	0.564	0.555	0.517	0.527	0.512	0.572	0.524	0.523	0.521	0.439	0.422	0.436	0.422	0.562	0.515	0.508	0.515	0.616	0.611	0.497	0.479	0.512	0.555	0.533	0.533	0.655	0.618	0.601	0.604	0.554	0.545	0.53	0.523	0.669	0.616	0.608	0.602	0.627	0.593	0.592	0.58	0.554	0.625	0.609	0.61	0.613	0.622	0.618	0.642	0.769	0.623	0.592	0.614	0.643	0.677	0.635	0.602	0.677	0.663	0.613	0.594	0.128	0.123	0.73	0.883	1.059	0.821	1.07	1.007	0.986	1.035	1.018	0.99	1.044	1.022	1.128	1.117	1.056	1.123	1.14	1.119	1.045	1.058	1.039	1.244
24:53:32	29.1	0.521	0.537	0.53	0.52	0.532	0.596	0.58	0.591	0.508	0.568	0.533	0.566	0.561	0.524	0.535	0.52	0.579	0.532	0.528	0.527	0.445	0.432	0.444	0.431	0.566	0.519	0.512	0.512	0.621	0.618	0.501	0.484	0.514	0.562	0.539	0.538	0.653	0.62	0.603	0.605	0.552	0.548	0.522	0.527	0.671	0.617	0.609	0.602	0.633	0.594	0.595	0.585	0.554	0.629	0.61	0.611	0.615	0.62	0.617	0.643	0.772	0.627	0.597	0.613	0.645	0.68	0.636	0.605	0.681	0.667	0.615	0.6	0.128	0.123	0.763	0.879	1.062	0.788	1.067	1.006	0.986	1.032	1.024	0.985	1.039	1.018	1.125	1.114	1.059	1.12	1.136	1.118	1.043	1.056	1.04	1.246
25:09:35	29.2	0.524	0.536	0.533	0.521	0.53	0.597	0.582	0.594	0.508	0.57	0.539	0.575	0.567	0.53	0.539	0.523	0.582	0.538	0.53	0.531	0.454	0.442	0.452	0.441	0.568	0.52	0.514	0.515	0.62	0.62	0.506	0.488	0.517	0.568	0.546	0.541	0.659	0.624	0.608	0.609	0.561	0.555	0.534	0.534	0.675	0.621	0.614	0.604	0.637	0.595	0.6	0.587	0.561	0.628	0.615	0.619	0.617	0.621	0.619	0.644	0.775	0.626	0.597	0.614	0.649	0.681	0.642	0.608	0.681	0.673	0.619	0.6	0.127	0.124	0.731	0.879	1.058	0.782	1.065	1.002	0.983	1.032	1.013	0.981	1.039	1.018	1.137	1.116	1.057	1.12	1.129	1.117	1.034	1.054	1.038	1.248
25:25:39	29.1	0.529	0.545	0.535	0.522	0.53	0.605	0.588	0.6	0.512	0.577	0.544	0.58	0.575	0.537	0.546	0.53	0.583	0.539	0.533	0.535	0.464	0.446	0.459	0.446	0.568	0.529	0.523	0.519	0.622	0.623	0.509	0.491	0.519	0.574	0.548	0.54	0.658	0.627	0.608	0.609	0.562	0.55	0.53	0.529	0.68	0.624	0.613	0.608	0.636	0.597	0.601	0.588	0.569	0.631	0.616	0.619	0.616	0.621	0.617	0.645	0.776	0.626	0.599	0.615	0.656	0.685	0.645	0.613	0.683	0.674	0.619	0.603	0.127	0.123	0.73	0.885	1.048	0.818	1.062	1.003	0.984	1.033	1.021	0.982	1.042	1.031	1.13	1.113	1.062	1.12	1.131	1.117	1.031	1.058	1.034	1.25
25:41:42	29.1	0.525	0.551	0.539	0.53	0.534	0.61	0.595	0.604	0.517	0.587	0.55	0.583	0.581	0.543	0.546	0.535	0.587	0.544	0.538	0.539	0.471	0.454	0.471	0.454	0.569	0.526	0.513	0.521	0.626	0.629	0.514	0.496	0.522	0.58	0.552	0.547	0.662	0.629	0.613	0.616	0.564	0.556	0.534	0.53	0.684	0.626	0.615	0.609	0.641	0.599	0.604	0.592	0.573	0.634	0.619	0.621	0.616	0.618	0.618	0.644	0.776	0.627	0.594	0.618	0.661	0.69	0.644	0.615	0.686	0.676	0.62	0.603	0.127	0.123	0.727	0.878	1.058	0.781	1.062	1	0.985	1.028	1.018	0.976	1.043	1.022	1.129	1.115	1.053	1.117	1.128	1.119	1.025	1.057	1.038	1.252
