Time	T° 600	A1	A2	A3	A4	A5	A6	A7	A8	A9	A10	A11	A12	B1	B2	B3	B4	B5	B6	B7	B8	B9	B10	B11	B12	C1	C2	C3	C4	C5	C6	C7	C8	C9	C10	C11	C12	D1	D2	D3	D4	D5	D6	D7	D8	D9	D10	D11	D12	E1	E2	E3	E4	E5	E6	E7	E8	E9	E10	E11	E12	F1	F2	F3	F4	F5	F6	F7	F8	F9	F10	F11	F12	G1	G2	G3	G4	G5	G6	G7	G8	G9	G10	G11	G12	H1	H2	H3	H4	H5	H6	H7	H8	H9	H10	H11	H12
0:00:12	29	0.134	0.144	0.157	0.167	0.156	0.151	0.141	0.14	0.141	0.142	0.147	0.142	0.156	0.148	0.167	0.164	0.166	0.157	0.158	0.146	0.15	0.15	0.159	0.158	0.155	0.151	0.183	0.184	0.159	0.168	0.149	0.177	0.159	0.18	0.158	0.148	0.132	0.136	0.162	0.17	0.158	0.162	0.158	0.153	0.185	0.169	0.156	0.147	0.143	0.141	0.153	0.178	0.155	0.165	0.148	0.161	0.15	0.157	0.157	0.147	0.134	0.141	0.156	0.163	0.146	0.15	0.153	0.152	0.165	0.148	0.152	0.156	0.14	0.15	0.167	0.163	0.156	0.155	0.153	0.15	0.152	0.152	0.156	0.144	0.135	0.131	0.136	0.151	0.132	0.137	0.137	0.142	0.152	0.149	0.149	0.142
0:16:16	29	0.118	0.119	0.134	0.147	0.137	0.134	0.127	0.125	0.128	0.124	0.123	0.132	0.139	0.132	0.142	0.139	0.13	0.139	0.126	0.124	0.124	0.131	0.12	0.136	0.14	0.129	0.146	0.153	0.127	0.131	0.127	0.134	0.117	0.14	0.134	0.128	0.13	0.122	0.142	0.152	0.132	0.14	0.133	0.128	0.143	0.127	0.124	0.126	0.141	0.128	0.139	0.161	0.133	0.136	0.13	0.139	0.129	0.129	0.145	0.137	0.133	0.124	0.14	0.144	0.126	0.13	0.128	0.128	0.137	0.12	0.126	0.138	0.138	0.134	0.145	0.141	0.133	0.133	0.132	0.128	0.127	0.129	0.123	0.126	0.132	0.129	0.133	0.145	0.125	0.13	0.124	0.124	0.134	0.13	0.128	0.128
0:32:20	29.1	0.118	0.119	0.134	0.153	0.137	0.135	0.127	0.125	0.128	0.126	0.122	0.133	0.139	0.132	0.142	0.142	0.13	0.139	0.126	0.124	0.125	0.132	0.12	0.135	0.141	0.129	0.146	0.159	0.13	0.131	0.127	0.134	0.118	0.142	0.133	0.128	0.131	0.121	0.142	0.157	0.132	0.14	0.133	0.129	0.143	0.128	0.125	0.127	0.141	0.128	0.14	0.167	0.134	0.136	0.13	0.141	0.13	0.129	0.145	0.137	0.134	0.124	0.14	0.147	0.127	0.13	0.128	0.128	0.137	0.121	0.128	0.138	0.138	0.134	0.144	0.146	0.134	0.133	0.132	0.128	0.127	0.131	0.123	0.128	0.133	0.129	0.132	0.153	0.127	0.13	0.124	0.125	0.134	0.13	0.128	0.13
0:48:23	29	0.117	0.119	0.134	0.156	0.137	0.134	0.127	0.125	0.129	0.125	0.122	0.132	0.139	0.133	0.141	0.145	0.131	0.139	0.126	0.124	0.125	0.132	0.12	0.136	0.141	0.128	0.147	0.161	0.128	0.132	0.127	0.134	0.118	0.142	0.133	0.129	0.134	0.121	0.142	0.16	0.131	0.14	0.133	0.129	0.143	0.129	0.125	0.127	0.141	0.128	0.14	0.171	0.134	0.138	0.129	0.141	0.129	0.129	0.145	0.138	0.134	0.124	0.14	0.15	0.127	0.13	0.127	0.129	0.137	0.121	0.128	0.138	0.138	0.135	0.144	0.15	0.135	0.133	0.133	0.128	0.127	0.131	0.123	0.128	0.133	0.131	0.133	0.156	0.128	0.13	0.124	0.125	0.134	0.13	0.128	0.13
1:04:26	29.1	0.117	0.119	0.135	0.158	0.137	0.135	0.127	0.126	0.129	0.126	0.123	0.134	0.14	0.133	0.142	0.148	0.131	0.139	0.127	0.124	0.125	0.133	0.12	0.136	0.142	0.129	0.145	0.163	0.131	0.134	0.127	0.135	0.118	0.143	0.133	0.129	0.135	0.121	0.143	0.162	0.131	0.138	0.133	0.129	0.142	0.129	0.126	0.128	0.141	0.129	0.139	0.173	0.134	0.137	0.13	0.142	0.13	0.129	0.145	0.138	0.136	0.124	0.141	0.154	0.127	0.131	0.128	0.13	0.137	0.122	0.128	0.139	0.138	0.136	0.144	0.151	0.135	0.133	0.132	0.129	0.126	0.13	0.124	0.129	0.134	0.13	0.133	0.158	0.129	0.13	0.125	0.125	0.134	0.131	0.128	0.131
1:20:30	29.1	0.117	0.118	0.136	0.159	0.137	0.134	0.127	0.126	0.129	0.126	0.123	0.135	0.141	0.134	0.142	0.15	0.131	0.139	0.127	0.124	0.125	0.133	0.12	0.136	0.143	0.129	0.146	0.164	0.13	0.135	0.127	0.135	0.118	0.143	0.133	0.129	0.136	0.122	0.143	0.164	0.131	0.14	0.133	0.129	0.142	0.129	0.125	0.128	0.143	0.129	0.14	0.175	0.133	0.138	0.131	0.142	0.129	0.129	0.145	0.139	0.136	0.125	0.141	0.157	0.128	0.13	0.128	0.13	0.137	0.122	0.128	0.139	0.139	0.135	0.144	0.153	0.135	0.133	0.133	0.128	0.127	0.131	0.124	0.13	0.135	0.131	0.134	0.16	0.129	0.131	0.124	0.125	0.134	0.13	0.128	0.131
1:36:33	29.1	0.117	0.118	0.137	0.16	0.137	0.134	0.127	0.126	0.13	0.127	0.122	0.134	0.141	0.134	0.142	0.152	0.13	0.139	0.127	0.124	0.125	0.133	0.12	0.136	0.143	0.129	0.146	0.165	0.13	0.135	0.127	0.135	0.118	0.144	0.133	0.129	0.137	0.122	0.144	0.165	0.132	0.142	0.133	0.129	0.142	0.13	0.126	0.128	0.143	0.129	0.141	0.177	0.133	0.138	0.13	0.143	0.13	0.128	0.144	0.139	0.136	0.125	0.142	0.158	0.128	0.131	0.128	0.13	0.137	0.122	0.128	0.14	0.139	0.135	0.144	0.155	0.135	0.133	0.133	0.128	0.127	0.131	0.124	0.13	0.136	0.131	0.134	0.162	0.13	0.13	0.125	0.125	0.134	0.13	0.128	0.131
1:52:37	29.1	0.117	0.119	0.137	0.162	0.136	0.134	0.127	0.126	0.129	0.127	0.123	0.133	0.142	0.133	0.143	0.154	0.131	0.139	0.128	0.125	0.126	0.133	0.12	0.136	0.145	0.129	0.147	0.167	0.131	0.135	0.127	0.135	0.118	0.144	0.133	0.13	0.138	0.122	0.143	0.168	0.132	0.141	0.133	0.129	0.142	0.129	0.123	0.128	0.144	0.129	0.141	0.179	0.134	0.138	0.13	0.143	0.13	0.128	0.145	0.139	0.137	0.125	0.142	0.161	0.128	0.132	0.128	0.131	0.137	0.122	0.128	0.14	0.14	0.136	0.145	0.156	0.135	0.134	0.134	0.129	0.128	0.131	0.125	0.131	0.137	0.13	0.134	0.164	0.131	0.131	0.125	0.126	0.134	0.13	0.129	0.132
2:08:40	29.1	0.117	0.118	0.137	0.164	0.137	0.135	0.127	0.126	0.13	0.127	0.123	0.136	0.143	0.133	0.143	0.156	0.131	0.139	0.127	0.126	0.126	0.134	0.12	0.136	0.145	0.13	0.147	0.169	0.13	0.135	0.127	0.136	0.119	0.144	0.133	0.13	0.14	0.123	0.145	0.169	0.132	0.142	0.133	0.129	0.142	0.129	0.125	0.129	0.145	0.129	0.142	0.181	0.133	0.138	0.13	0.144	0.13	0.128	0.145	0.14	0.138	0.125	0.142	0.163	0.129	0.132	0.128	0.13	0.137	0.123	0.128	0.141	0.141	0.136	0.145	0.158	0.135	0.134	0.134	0.129	0.127	0.131	0.124	0.131	0.138	0.131	0.135	0.166	0.132	0.132	0.125	0.126	0.135	0.13	0.128	0.132
2:24:43	29.1	0.117	0.119	0.139	0.167	0.137	0.135	0.127	0.126	0.129	0.127	0.123	0.136	0.144	0.134	0.144	0.158	0.13	0.14	0.128	0.125	0.126	0.134	0.12	0.137	0.146	0.13	0.148	0.171	0.129	0.136	0.127	0.136	0.119	0.145	0.133	0.13	0.141	0.123	0.146	0.171	0.132	0.143	0.133	0.13	0.142	0.13	0.125	0.129	0.146	0.13	0.143	0.183	0.133	0.139	0.13	0.144	0.13	0.128	0.145	0.14	0.141	0.126	0.143	0.166	0.129	0.132	0.129	0.131	0.137	0.123	0.128	0.141	0.142	0.136	0.145	0.16	0.135	0.134	0.134	0.129	0.128	0.131	0.125	0.131	0.139	0.131	0.135	0.169	0.132	0.132	0.125	0.126	0.135	0.13	0.129	0.133
2:40:47	29	0.117	0.119	0.139	0.169	0.137	0.136	0.127	0.126	0.129	0.128	0.123	0.136	0.145	0.134	0.145	0.16	0.131	0.14	0.127	0.126	0.126	0.135	0.12	0.137	0.147	0.131	0.148	0.174	0.13	0.138	0.127	0.136	0.119	0.146	0.133	0.131	0.142	0.123	0.146	0.174	0.132	0.143	0.133	0.13	0.142	0.13	0.125	0.13	0.148	0.13	0.143	0.186	0.134	0.14	0.13	0.145	0.131	0.129	0.146	0.141	0.141	0.126	0.143	0.168	0.129	0.133	0.128	0.131	0.137	0.123	0.128	0.142	0.143	0.136	0.146	0.162	0.135	0.135	0.134	0.13	0.128	0.132	0.125	0.133	0.141	0.132	0.136	0.171	0.133	0.132	0.125	0.127	0.135	0.131	0.13	0.134
2:56:50	29.1	0.117	0.119	0.14	0.171	0.137	0.136	0.127	0.127	0.13	0.128	0.123	0.136	0.147	0.134	0.146	0.162	0.131	0.14	0.128	0.127	0.126	0.135	0.12	0.138	0.148	0.131	0.149	0.177	0.13	0.137	0.127	0.136	0.119	0.146	0.132	0.131	0.143	0.124	0.147	0.177	0.132	0.143	0.133	0.13	0.142	0.131	0.125	0.13	0.149	0.13	0.145	0.189	0.134	0.14	0.131	0.145	0.131	0.129	0.146	0.141	0.142	0.127	0.144	0.171	0.129	0.133	0.128	0.131	0.137	0.123	0.129	0.143	0.144	0.137	0.147	0.165	0.135	0.135	0.134	0.13	0.128	0.131	0.125	0.133	0.142	0.132	0.137	0.174	0.133	0.133	0.126	0.127	0.135	0.13	0.131	0.135
3:12:54	29.1	0.117	0.119	0.141	0.174	0.137	0.137	0.128	0.127	0.131	0.13	0.123	0.137	0.148	0.135	0.147	0.166	0.131	0.14	0.127	0.126	0.126	0.136	0.12	0.138	0.149	0.131	0.15	0.181	0.129	0.137	0.127	0.137	0.12	0.147	0.132	0.132	0.145	0.124	0.149	0.18	0.132	0.144	0.133	0.131	0.142	0.132	0.125	0.131	0.151	0.131	0.146	0.192	0.135	0.141	0.131	0.146	0.131	0.13	0.146	0.142	0.143	0.127	0.145	0.173	0.129	0.134	0.129	0.132	0.137	0.123	0.129	0.144	0.146	0.137	0.148	0.168	0.135	0.135	0.135	0.13	0.128	0.132	0.125	0.135	0.144	0.132	0.137	0.177	0.133	0.134	0.125	0.127	0.136	0.131	0.131	0.137
3:28:57	29.1	0.117	0.119	0.142	0.178	0.137	0.137	0.128	0.128	0.13	0.13	0.123	0.137	0.15	0.138	0.148	0.169	0.132	0.141	0.128	0.127	0.126	0.137	0.121	0.139	0.151	0.132	0.152	0.185	0.129	0.138	0.127	0.138	0.12	0.149	0.133	0.133	0.147	0.125	0.15	0.184	0.133	0.145	0.134	0.131	0.143	0.132	0.125	0.132	0.153	0.131	0.147	0.197	0.135	0.141	0.132	0.147	0.132	0.13	0.145	0.143	0.145	0.128	0.146	0.177	0.13	0.134	0.129	0.132	0.138	0.124	0.129	0.145	0.148	0.138	0.149	0.172	0.136	0.136	0.135	0.131	0.128	0.133	0.126	0.136	0.145	0.133	0.139	0.181	0.134	0.134	0.126	0.127	0.136	0.131	0.13	0.138
3:45:00	29.1	0.117	0.119	0.143	0.182	0.137	0.137	0.128	0.128	0.13	0.131	0.122	0.138	0.152	0.138	0.149	0.173	0.133	0.141	0.127	0.126	0.127	0.138	0.121	0.14	0.152	0.132	0.153	0.189	0.131	0.139	0.128	0.138	0.12	0.15	0.132	0.134	0.149	0.124	0.152	0.187	0.133	0.145	0.134	0.131	0.143	0.133	0.125	0.133	0.154	0.131	0.147	0.201	0.135	0.142	0.132	0.147	0.132	0.13	0.146	0.145	0.147	0.128	0.148	0.18	0.13	0.135	0.13	0.133	0.138	0.124	0.129	0.146	0.15	0.138	0.151	0.176	0.136	0.136	0.135	0.131	0.129	0.134	0.126	0.138	0.147	0.133	0.141	0.186	0.135	0.135	0.126	0.128	0.136	0.133	0.131	0.139
4:01:04	29.1	0.117	0.118	0.146	0.186	0.137	0.138	0.128	0.129	0.131	0.132	0.123	0.139	0.154	0.136	0.151	0.178	0.133	0.141	0.127	0.127	0.126	0.139	0.12	0.141	0.155	0.133	0.155	0.192	0.131	0.14	0.128	0.138	0.121	0.151	0.133	0.135	0.151	0.126	0.154	0.192	0.132	0.145	0.134	0.131	0.144	0.134	0.125	0.134	0.157	0.132	0.15	0.205	0.136	0.143	0.132	0.148	0.132	0.131	0.146	0.147	0.151	0.129	0.15	0.185	0.131	0.136	0.13	0.133	0.138	0.125	0.13	0.148	0.152	0.139	0.153	0.18	0.136	0.137	0.135	0.131	0.129	0.133	0.127	0.14	0.149	0.134	0.142	0.189	0.135	0.136	0.126	0.129	0.136	0.133	0.131	0.141
4:17:07	29.1	0.117	0.117	0.148	0.191	0.137	0.139	0.128	0.129	0.132	0.134	0.122	0.139	0.156	0.137	0.154	0.183	0.132	0.141	0.127	0.128	0.127	0.141	0.12	0.142	0.158	0.133	0.157	0.197	0.13	0.14	0.128	0.138	0.121	0.153	0.132	0.137	0.154	0.125	0.157	0.196	0.132	0.146	0.134	0.131	0.144	0.136	0.125	0.136	0.159	0.133	0.152	0.209	0.136	0.144	0.133	0.149	0.133	0.131	0.147	0.149	0.153	0.129	0.152	0.191	0.131	0.136	0.13	0.134	0.138	0.126	0.13	0.15	0.154	0.139	0.156	0.185	0.136	0.137	0.136	0.132	0.13	0.135	0.128	0.142	0.151	0.135	0.145	0.194	0.136	0.136	0.126	0.129	0.136	0.133	0.132	0.143
4:33:11	29.1	0.117	0.118	0.151	0.196	0.138	0.139	0.129	0.13	0.132	0.136	0.123	0.141	0.159	0.138	0.156	0.188	0.133	0.142	0.129	0.129	0.127	0.143	0.121	0.143	0.161	0.134	0.16	0.202	0.131	0.141	0.129	0.14	0.121	0.155	0.133	0.139	0.156	0.126	0.16	0.201	0.133	0.147	0.135	0.133	0.144	0.138	0.125	0.138	0.163	0.133	0.155	0.214	0.136	0.145	0.133	0.15	0.134	0.132	0.147	0.151	0.156	0.131	0.154	0.196	0.132	0.136	0.131	0.134	0.139	0.127	0.13	0.152	0.157	0.14	0.158	0.191	0.136	0.138	0.137	0.133	0.13	0.135	0.129	0.145	0.154	0.135	0.147	0.2	0.137	0.137	0.127	0.131	0.137	0.135	0.133	0.144
4:49:14	29.1	0.117	0.118	0.154	0.201	0.137	0.14	0.129	0.13	0.133	0.138	0.123	0.143	0.162	0.139	0.159	0.194	0.134	0.143	0.128	0.13	0.128	0.144	0.121	0.145	0.163	0.134	0.162	0.208	0.132	0.142	0.129	0.14	0.122	0.158	0.133	0.14	0.16	0.128	0.163	0.206	0.133	0.148	0.135	0.134	0.145	0.139	0.125	0.14	0.165	0.135	0.16	0.219	0.137	0.146	0.134	0.152	0.134	0.133	0.147	0.152	0.159	0.131	0.158	0.202	0.133	0.137	0.131	0.135	0.14	0.128	0.132	0.154	0.159	0.141	0.161	0.197	0.137	0.139	0.137	0.134	0.13	0.137	0.13	0.146	0.158	0.136	0.151	0.206	0.138	0.138	0.128	0.132	0.138	0.136	0.133	0.146
5:05:17	29.1	0.117	0.118	0.157	0.208	0.138	0.14	0.129	0.131	0.132	0.139	0.123	0.145	0.166	0.14	0.162	0.202	0.134	0.144	0.129	0.131	0.13	0.146	0.121	0.147	0.166	0.136	0.166	0.215	0.133	0.142	0.129	0.141	0.122	0.161	0.132	0.142	0.164	0.129	0.165	0.215	0.134	0.149	0.136	0.135	0.147	0.141	0.125	0.141	0.168	0.135	0.163	0.229	0.137	0.148	0.135	0.153	0.134	0.135	0.147	0.155	0.162	0.132	0.161	0.21	0.133	0.139	0.132	0.137	0.141	0.129	0.132	0.156	0.162	0.142	0.164	0.203	0.138	0.14	0.137	0.135	0.131	0.138	0.131	0.148	0.16	0.137	0.155	0.215	0.14	0.139	0.128	0.133	0.138	0.137	0.134	0.149
5:21:21	29.1	0.117	0.118	0.161	0.214	0.138	0.141	0.13	0.132	0.133	0.142	0.123	0.147	0.168	0.142	0.164	0.209	0.135	0.145	0.129	0.132	0.131	0.148	0.121	0.149	0.171	0.136	0.168	0.222	0.133	0.144	0.13	0.141	0.123	0.162	0.132	0.145	0.167	0.13	0.168	0.222	0.135	0.151	0.136	0.136	0.147	0.143	0.125	0.144	0.171	0.137	0.165	0.235	0.138	0.149	0.135	0.154	0.135	0.135	0.148	0.157	0.166	0.134	0.164	0.217	0.135	0.14	0.133	0.138	0.142	0.129	0.132	0.158	0.166	0.143	0.167	0.21	0.139	0.141	0.138	0.136	0.132	0.139	0.132	0.15	0.163	0.139	0.158	0.221	0.141	0.141	0.129	0.134	0.139	0.139	0.135	0.152
5:37:24	29.1	0.117	0.118	0.165	0.221	0.138	0.142	0.131	0.132	0.134	0.144	0.123	0.15	0.172	0.143	0.168	0.216	0.136	0.146	0.13	0.133	0.131	0.15	0.122	0.15	0.174	0.138	0.171	0.23	0.135	0.144	0.13	0.142	0.123	0.164	0.132	0.147	0.17	0.132	0.172	0.229	0.135	0.152	0.137	0.136	0.148	0.145	0.125	0.146	0.179	0.139	0.17	0.242	0.139	0.151	0.136	0.156	0.136	0.137	0.15	0.159	0.171	0.135	0.168	0.223	0.136	0.142	0.134	0.14	0.142	0.131	0.135	0.161	0.169	0.145	0.169	0.217	0.139	0.142	0.139	0.137	0.132	0.14	0.132	0.153	0.168	0.141	0.162	0.227	0.142	0.142	0.13	0.135	0.14	0.139	0.136	0.154
5:53:27	29.1	0.117	0.118	0.169	0.229	0.139	0.143	0.132	0.133	0.134	0.146	0.123	0.151	0.177	0.145	0.172	0.224	0.136	0.147	0.131	0.134	0.131	0.152	0.121	0.153	0.178	0.141	0.175	0.236	0.135	0.145	0.131	0.143	0.125	0.166	0.132	0.149	0.175	0.134	0.178	0.236	0.136	0.151	0.137	0.137	0.148	0.148	0.125	0.147	0.181	0.141	0.174	0.251	0.139	0.152	0.137	0.157	0.137	0.138	0.15	0.162	0.175	0.137	0.172	0.23	0.137	0.144	0.135	0.14	0.143	0.132	0.135	0.163	0.173	0.146	0.173	0.224	0.139	0.144	0.14	0.138	0.132	0.141	0.134	0.156	0.173	0.143	0.166	0.237	0.144	0.144	0.131	0.137	0.141	0.141	0.137	0.158
6:09:31	29.1	0.117	0.118	0.174	0.237	0.14	0.144	0.132	0.134	0.135	0.149	0.123	0.154	0.182	0.147	0.177	0.233	0.138	0.148	0.131	0.135	0.133	0.154	0.123	0.155	0.182	0.142	0.18	0.244	0.135	0.147	0.133	0.145	0.124	0.168	0.133	0.153	0.179	0.137	0.183	0.245	0.136	0.154	0.139	0.139	0.15	0.15	0.126	0.15	0.187	0.143	0.18	0.258	0.14	0.153	0.138	0.159	0.138	0.14	0.152	0.164	0.179	0.139	0.177	0.24	0.138	0.146	0.135	0.142	0.144	0.134	0.136	0.167	0.178	0.148	0.179	0.232	0.14	0.146	0.141	0.139	0.134	0.144	0.135	0.159	0.178	0.145	0.172	0.246	0.146	0.146	0.132	0.139	0.142	0.142	0.138	0.161
6:25:34	29.1	0.117	0.118	0.184	0.246	0.14	0.146	0.134	0.135	0.136	0.152	0.125	0.156	0.187	0.148	0.18	0.24	0.139	0.15	0.132	0.136	0.133	0.157	0.122	0.158	0.187	0.144	0.187	0.252	0.137	0.146	0.134	0.146	0.126	0.171	0.133	0.156	0.185	0.14	0.187	0.252	0.136	0.154	0.14	0.14	0.15	0.152	0.126	0.154	0.19	0.144	0.185	0.266	0.141	0.155	0.139	0.16	0.139	0.142	0.153	0.167	0.184	0.141	0.182	0.247	0.139	0.147	0.136	0.143	0.145	0.136	0.137	0.168	0.182	0.151	0.183	0.24	0.141	0.147	0.143	0.141	0.134	0.145	0.136	0.161	0.183	0.147	0.177	0.254	0.147	0.147	0.133	0.141	0.143	0.144	0.139	0.163
6:41:38	29.1	0.117	0.118	0.187	0.255	0.14	0.147	0.135	0.137	0.136	0.156	0.124	0.159	0.192	0.15	0.187	0.249	0.139	0.151	0.134	0.138	0.133	0.16	0.123	0.161	0.193	0.146	0.192	0.262	0.137	0.148	0.135	0.148	0.127	0.173	0.133	0.159	0.189	0.141	0.193	0.262	0.137	0.157	0.141	0.142	0.151	0.156	0.126	0.155	0.196	0.146	0.19	0.277	0.141	0.156	0.14	0.161	0.141	0.143	0.154	0.169	0.19	0.143	0.186	0.255	0.14	0.149	0.138	0.145	0.146	0.138	0.139	0.171	0.186	0.153	0.172	0.246	0.142	0.15	0.144	0.143	0.136	0.147	0.138	0.164	0.187	0.149	0.182	0.264	0.149	0.15	0.134	0.142	0.144	0.146	0.14	0.167
6:57:41	29.1	0.117	0.118	0.197	0.266	0.141	0.15	0.136	0.139	0.137	0.158	0.124	0.162	0.199	0.152	0.195	0.256	0.14	0.153	0.135	0.14	0.134	0.163	0.124	0.163	0.198	0.148	0.198	0.272	0.138	0.149	0.137	0.15	0.127	0.176	0.134	0.16	0.195	0.143	0.2	0.27	0.138	0.158	0.143	0.144	0.152	0.158	0.127	0.158	0.202	0.148	0.198	0.283	0.143	0.157	0.141	0.163	0.148	0.145	0.155	0.172	0.195	0.145	0.194	0.263	0.141	0.151	0.139	0.146	0.146	0.139	0.14	0.172	0.191	0.155	0.171	0.257	0.143	0.152	0.145	0.145	0.137	0.149	0.139	0.166	0.194	0.151	0.19	0.273	0.15	0.153	0.136	0.144	0.146	0.149	0.141	0.17
7:13:44	29.1	0.117	0.118	0.202	0.275	0.143	0.152	0.137	0.141	0.138	0.16	0.124	0.164	0.203	0.154	0.201	0.265	0.142	0.154	0.137	0.141	0.136	0.164	0.124	0.166	0.204	0.15	0.204	0.28	0.139	0.15	0.138	0.151	0.128	0.178	0.134	0.162	0.201	0.146	0.207	0.278	0.139	0.159	0.143	0.146	0.154	0.16	0.127	0.161	0.209	0.15	0.204	0.288	0.144	0.159	0.143	0.164	0.15	0.147	0.155	0.175	0.2	0.147	0.202	0.278	0.143	0.153	0.141	0.148	0.148	0.141	0.141	0.174	0.194	0.157	0.179	0.27	0.144	0.154	0.147	0.147	0.138	0.149	0.141	0.169	0.2	0.153	0.198	0.283	0.152	0.154	0.137	0.146	0.147	0.149	0.143	0.174
7:29:48	29.1	0.117	0.119	0.209	0.285	0.143	0.153	0.138	0.142	0.139	0.162	0.127	0.166	0.21	0.161	0.207	0.279	0.143	0.156	0.138	0.142	0.138	0.167	0.124	0.168	0.211	0.153	0.212	0.288	0.139	0.153	0.141	0.151	0.129	0.181	0.134	0.165	0.207	0.149	0.213	0.287	0.14	0.161	0.145	0.148	0.155	0.162	0.127	0.162	0.216	0.153	0.213	0.305	0.145	0.16	0.144	0.165	0.151	0.149	0.156	0.178	0.206	0.149	0.208	0.288	0.144	0.155	0.142	0.15	0.149	0.143	0.143	0.178	0.197	0.161	0.186	0.282	0.146	0.155	0.148	0.148	0.14	0.15	0.142	0.173	0.207	0.156	0.205	0.293	0.154	0.156	0.139	0.147	0.149	0.152	0.144	0.178
7:45:51	29.1	0.117	0.119	0.221	0.293	0.144	0.155	0.14	0.144	0.14	0.165	0.127	0.169	0.216	0.159	0.215	0.296	0.144	0.158	0.14	0.144	0.138	0.168	0.124	0.17	0.217	0.157	0.22	0.3	0.14	0.154	0.14	0.153	0.131	0.183	0.134	0.167	0.214	0.153	0.221	0.301	0.142	0.163	0.146	0.148	0.155	0.166	0.127	0.164	0.222	0.156	0.22	0.319	0.146	0.163	0.146	0.167	0.154	0.152	0.159	0.182	0.213	0.152	0.216	0.302	0.146	0.156	0.145	0.151	0.15	0.144	0.142	0.183	0.207	0.163	0.19	0.292	0.148	0.158	0.15	0.151	0.141	0.151	0.142	0.178	0.214	0.158	0.213	0.309	0.155	0.158	0.142	0.149	0.15	0.154	0.145	0.181
8:01:54	29.1	0.117	0.118	0.229	0.302	0.145	0.157	0.141	0.146	0.142	0.167	0.126	0.172	0.22	0.156	0.219	0.306	0.146	0.16	0.141	0.146	0.139	0.171	0.125	0.175	0.223	0.159	0.229	0.315	0.141	0.155	0.143	0.156	0.133	0.185	0.134	0.171	0.222	0.155	0.227	0.316	0.143	0.164	0.147	0.151	0.158	0.167	0.127	0.168	0.23	0.158	0.229	0.327	0.148	0.166	0.149	0.169	0.154	0.153	0.161	0.186	0.214	0.155	0.22	0.311	0.148	0.158	0.147	0.154	0.151	0.147	0.146	0.184	0.216	0.165	0.197	0.307	0.148	0.16	0.152	0.153	0.143	0.153	0.145	0.182	0.222	0.16	0.222	0.318	0.156	0.16	0.144	0.151	0.152	0.155	0.148	0.187
8:17:58	29.1	0.116	0.118	0.237	0.319	0.147	0.158	0.143	0.148	0.143	0.17	0.128	0.176	0.22	0.16	0.218	0.317	0.147	0.161	0.143	0.147	0.14	0.175	0.125	0.176	0.229	0.162	0.234	0.326	0.143	0.156	0.145	0.156	0.135	0.189	0.134	0.172	0.229	0.158	0.235	0.325	0.144	0.166	0.149	0.153	0.158	0.171	0.128	0.171	0.235	0.16	0.236	0.34	0.15	0.167	0.15	0.171	0.158	0.154	0.163	0.188	0.218	0.158	0.227	0.326	0.149	0.16	0.148	0.155	0.153	0.149	0.147	0.187	0.226	0.167	0.206	0.319	0.15	0.162	0.154	0.155	0.145	0.155	0.146	0.186	0.225	0.164	0.228	0.329	0.157	0.162	0.146	0.154	0.154	0.158	0.149	0.191
8:34:01	29.1	0.117	0.119	0.247	0.329	0.149	0.161	0.144	0.15	0.145	0.174	0.125	0.18	0.227	0.164	0.232	0.329	0.148	0.164	0.146	0.149	0.143	0.179	0.126	0.182	0.238	0.167	0.241	0.334	0.145	0.159	0.146	0.158	0.136	0.193	0.135	0.176	0.234	0.161	0.239	0.338	0.147	0.168	0.149	0.154	0.16	0.175	0.128	0.173	0.244	0.165	0.243	0.35	0.152	0.17	0.152	0.172	0.16	0.156	0.164	0.193	0.232	0.162	0.236	0.338	0.15	0.164	0.15	0.158	0.155	0.151	0.148	0.19	0.234	0.171	0.213	0.332	0.153	0.164	0.157	0.156	0.147	0.156	0.148	0.19	0.232	0.167	0.234	0.343	0.159	0.167	0.147	0.156	0.156	0.16	0.151	0.195
8:50:05	29.1	0.116	0.117	0.256	0.341	0.151	0.165	0.145	0.152	0.147	0.179	0.129	0.186	0.241	0.167	0.247	0.346	0.151	0.165	0.148	0.153	0.145	0.185	0.127	0.188	0.246	0.17	0.244	0.349	0.146	0.161	0.146	0.16	0.138	0.198	0.135	0.183	0.233	0.166	0.246	0.354	0.148	0.17	0.151	0.157	0.164	0.18	0.129	0.18	0.245	0.168	0.254	0.37	0.154	0.173	0.155	0.175	0.161	0.159	0.166	0.199	0.243	0.165	0.249	0.357	0.152	0.168	0.151	0.161	0.157	0.154	0.15	0.193	0.242	0.176	0.214	0.348	0.155	0.169	0.157	0.16	0.149	0.159	0.149	0.194	0.236	0.172	0.242	0.361	0.16	0.17	0.15	0.159	0.157	0.161	0.153	0.201
9:06:08	29.1	0.117	0.117	0.252	0.353	0.152	0.168	0.147	0.156	0.148	0.184	0.129	0.19	0.256	0.171	0.259	0.36	0.152	0.169	0.149	0.155	0.147	0.188	0.127	0.19	0.24	0.174	0.257	0.365	0.147	0.165	0.149	0.164	0.14	0.202	0.136	0.187	0.246	0.169	0.263	0.374	0.15	0.172	0.153	0.16	0.164	0.184	0.128	0.183	0.25	0.172	0.258	0.388	0.155	0.177	0.156	0.178	0.161	0.162	0.168	0.203	0.256	0.169	0.262	0.375	0.153	0.171	0.154	0.164	0.159	0.156	0.153	0.195	0.25	0.179	0.232	0.367	0.157	0.17	0.16	0.163	0.152	0.16	0.151	0.199	0.252	0.174	0.257	0.38	0.161	0.171	0.151	0.161	0.16	0.164	0.156	0.208
9:22:12	29.1	0.116	0.117	0.267	0.366	0.154	0.17	0.149	0.158	0.15	0.188	0.13	0.195	0.266	0.174	0.269	0.378	0.153	0.172	0.152	0.156	0.148	0.189	0.127	0.193	0.259	0.178	0.273	0.38	0.148	0.167	0.147	0.165	0.142	0.204	0.136	0.192	0.263	0.173	0.278	0.39	0.152	0.175	0.155	0.163	0.166	0.188	0.129	0.188	0.271	0.176	0.272	0.401	0.156	0.179	0.158	0.179	0.163	0.164	0.17	0.207	0.267	0.172	0.269	0.391	0.154	0.174	0.155	0.166	0.16	0.159	0.154	0.201	0.261	0.182	0.246	0.384	0.159	0.172	0.161	0.166	0.154	0.162	0.153	0.204	0.265	0.18	0.271	0.395	0.163	0.176	0.153	0.165	0.162	0.166	0.158	0.211
9:38:15	29.1	0.116	0.118	0.286	0.376	0.155	0.173	0.151	0.161	0.151	0.191	0.131	0.2	0.273	0.178	0.281	0.389	0.154	0.173	0.154	0.159	0.149	0.194	0.128	0.196	0.272	0.183	0.283	0.392	0.15	0.169	0.149	0.168	0.144	0.209	0.136	0.193	0.276	0.177	0.288	0.403	0.154	0.176	0.155	0.164	0.168	0.191	0.129	0.191	0.279	0.181	0.289	0.416	0.158	0.182	0.159	0.182	0.165	0.166	0.172	0.214	0.275	0.176	0.286	0.403	0.155	0.176	0.157	0.168	0.162	0.161	0.156	0.207	0.276	0.186	0.257	0.399	0.161	0.175	0.163	0.168	0.156	0.165	0.154	0.209	0.275	0.183	0.284	0.409	0.164	0.18	0.155	0.168	0.164	0.17	0.16	0.215
9:54:18	29.1	0.116	0.117	0.297	0.389	0.157	0.177	0.153	0.163	0.153	0.195	0.131	0.203	0.28	0.18	0.291	0.397	0.157	0.176	0.155	0.162	0.152	0.199	0.129	0.201	0.276	0.187	0.295	0.404	0.153	0.172	0.149	0.17	0.145	0.213	0.137	0.199	0.281	0.182	0.302	0.414	0.157	0.179	0.157	0.167	0.17	0.194	0.13	0.195	0.281	0.183	0.296	0.424	0.159	0.185	0.16	0.186	0.167	0.17	0.174	0.216	0.286	0.181	0.295	0.413	0.157	0.18	0.159	0.171	0.164	0.165	0.158	0.214	0.284	0.19	0.269	0.409	0.162	0.179	0.166	0.173	0.158	0.168	0.156	0.208	0.283	0.188	0.298	0.421	0.165	0.183	0.157	0.171	0.167	0.173	0.162	0.219
10:10:22	29.1	0.116	0.117	0.306	0.394	0.158	0.18	0.156	0.167	0.154	0.202	0.132	0.21	0.291	0.181	0.306	0.407	0.159	0.18	0.157	0.166	0.155	0.202	0.13	0.202	0.286	0.19	0.306	0.41	0.156	0.175	0.15	0.174	0.147	0.217	0.137	0.2	0.288	0.186	0.316	0.423	0.158	0.183	0.159	0.17	0.172	0.201	0.131	0.201	0.293	0.189	0.31	0.432	0.161	0.188	0.163	0.188	0.168	0.175	0.175	0.217	0.295	0.184	0.312	0.422	0.159	0.184	0.161	0.175	0.165	0.17	0.159	0.224	0.294	0.196	0.283	0.42	0.164	0.182	0.168	0.176	0.161	0.172	0.158	0.211	0.294	0.194	0.312	0.431	0.167	0.189	0.16	0.173	0.167	0.178	0.164	0.218
10:26:25	29.1	0.116	0.117	0.319	0.403	0.16	0.186	0.158	0.171	0.157	0.208	0.132	0.216	0.3	0.183	0.32	0.413	0.16	0.185	0.16	0.168	0.157	0.198	0.131	0.199	0.296	0.195	0.32	0.417	0.158	0.181	0.152	0.177	0.149	0.216	0.138	0.208	0.3	0.191	0.333	0.429	0.161	0.188	0.161	0.173	0.175	0.205	0.13	0.207	0.304	0.195	0.326	0.441	0.162	0.193	0.166	0.192	0.171	0.18	0.178	0.22	0.306	0.188	0.331	0.43	0.16	0.191	0.164	0.18	0.167	0.174	0.161	0.237	0.305	0.199	0.298	0.428	0.167	0.182	0.17	0.178	0.164	0.177	0.159	0.22	0.307	0.199	0.331	0.441	0.17	0.193	0.164	0.177	0.17	0.182	0.165	0.227
10:42:29	29.1	0.116	0.117	0.331	0.411	0.163	0.189	0.16	0.175	0.159	0.21	0.133	0.215	0.307	0.188	0.341	0.42	0.162	0.187	0.163	0.172	0.159	0.199	0.132	0.202	0.305	0.199	0.336	0.428	0.16	0.183	0.154	0.181	0.151	0.22	0.138	0.203	0.311	0.195	0.347	0.438	0.162	0.189	0.163	0.176	0.176	0.209	0.131	0.209	0.311	0.198	0.344	0.449	0.164	0.195	0.168	0.195	0.172	0.183	0.18	0.227	0.315	0.191	0.347	0.437	0.163	0.192	0.167	0.184	0.168	0.18	0.164	0.241	0.314	0.204	0.319	0.434	0.168	0.181	0.172	0.182	0.165	0.18	0.161	0.23	0.316	0.203	0.349	0.45	0.171	0.199	0.165	0.175	0.172	0.189	0.166	0.236
10:58:32	29.1	0.116	0.117	0.34	0.418	0.165	0.193	0.164	0.178	0.16	0.197	0.134	0.203	0.314	0.197	0.353	0.429	0.164	0.191	0.165	0.175	0.161	0.209	0.133	0.211	0.312	0.205	0.354	0.437	0.163	0.188	0.158	0.184	0.153	0.23	0.139	0.206	0.319	0.202	0.364	0.449	0.164	0.194	0.166	0.182	0.177	0.2	0.134	0.203	0.32	0.203	0.357	0.46	0.167	0.192	0.17	0.198	0.174	0.189	0.182	0.241	0.324	0.2	0.362	0.445	0.165	0.197	0.169	0.187	0.17	0.181	0.166	0.247	0.322	0.208	0.333	0.442	0.172	0.188	0.176	0.187	0.167	0.188	0.163	0.241	0.323	0.21	0.367	0.46	0.174	0.2	0.168	0.181	0.173	0.193	0.169	0.249
11:14:36	29.1	0.116	0.117	0.353	0.425	0.167	0.196	0.167	0.181	0.161	0.211	0.136	0.217	0.32	0.204	0.362	0.438	0.167	0.195	0.168	0.178	0.163	0.222	0.134	0.225	0.317	0.208	0.362	0.445	0.165	0.192	0.163	0.188	0.156	0.238	0.14	0.214	0.325	0.206	0.375	0.453	0.167	0.198	0.168	0.182	0.178	0.209	0.135	0.213	0.325	0.209	0.367	0.464	0.17	0.195	0.172	0.199	0.176	0.194	0.184	0.251	0.329	0.206	0.374	0.454	0.168	0.2	0.172	0.191	0.172	0.186	0.168	0.256	0.332	0.209	0.354	0.454	0.175	0.195	0.178	0.189	0.169	0.191	0.165	0.251	0.329	0.212	0.377	0.467	0.176	0.204	0.171	0.187	0.176	0.196	0.17	0.258
11:30:39	29.1	0.116	0.117	0.357	0.434	0.168	0.203	0.169	0.188	0.163	0.226	0.137	0.233	0.325	0.218	0.372	0.444	0.169	0.198	0.17	0.184	0.165	0.23	0.136	0.238	0.324	0.208	0.368	0.453	0.168	0.197	0.163	0.191	0.157	0.249	0.14	0.231	0.329	0.206	0.385	0.466	0.171	0.203	0.171	0.188	0.179	0.221	0.135	0.229	0.328	0.212	0.374	0.473	0.171	0.203	0.175	0.205	0.178	0.2	0.187	0.26	0.332	0.214	0.381	0.461	0.17	0.205	0.175	0.197	0.174	0.194	0.17	0.261	0.334	0.218	0.354	0.46	0.177	0.204	0.181	0.196	0.172	0.196	0.167	0.259	0.336	0.216	0.399	0.475	0.179	0.208	0.175	0.194	0.179	0.198	0.172	0.268
11:46:43	29.1	0.116	0.117	0.365	0.439	0.17	0.202	0.174	0.19	0.165	0.235	0.138	0.246	0.329	0.227	0.381	0.45	0.171	0.199	0.173	0.185	0.167	0.237	0.137	0.242	0.327	0.219	0.377	0.458	0.169	0.199	0.168	0.196	0.159	0.254	0.141	0.241	0.334	0.214	0.394	0.472	0.173	0.205	0.174	0.191	0.18	0.232	0.137	0.237	0.332	0.213	0.384	0.484	0.173	0.213	0.178	0.209	0.181	0.203	0.189	0.272	0.335	0.222	0.39	0.469	0.172	0.201	0.179	0.199	0.176	0.188	0.172	0.27	0.339	0.228	0.367	0.466	0.179	0.213	0.183	0.196	0.173	0.196	0.169	0.274	0.339	0.227	0.399	0.482	0.181	0.207	0.179	0.201	0.181	0.198	0.173	0.272
12:02:46	29.1	0.116	0.117	0.372	0.451	0.173	0.204	0.175	0.194	0.168	0.246	0.14	0.255	0.335	0.233	0.389	0.458	0.173	0.197	0.176	0.189	0.17	0.244	0.138	0.251	0.33	0.231	0.386	0.464	0.172	0.196	0.167	0.2	0.161	0.264	0.142	0.25	0.342	0.225	0.402	0.479	0.175	0.209	0.177	0.194	0.183	0.24	0.138	0.248	0.334	0.226	0.391	0.491	0.176	0.221	0.181	0.213	0.183	0.206	0.191	0.281	0.343	0.23	0.407	0.477	0.175	0.209	0.181	0.199	0.178	0.192	0.174	0.281	0.341	0.237	0.386	0.474	0.182	0.22	0.188	0.198	0.176	0.196	0.171	0.285	0.345	0.237	0.405	0.492	0.185	0.215	0.182	0.207	0.182	0.201	0.176	0.29
12:18:49	29.1	0.116	0.117	0.381	0.457	0.177	0.197	0.18	0.194	0.17	0.251	0.141	0.262	0.337	0.241	0.396	0.466	0.177	0.206	0.18	0.195	0.172	0.249	0.139	0.253	0.335	0.24	0.396	0.472	0.175	0.202	0.171	0.203	0.164	0.267	0.143	0.253	0.345	0.236	0.41	0.488	0.177	0.208	0.18	0.2	0.184	0.25	0.139	0.254	0.341	0.237	0.401	0.497	0.179	0.231	0.184	0.217	0.179	0.209	0.194	0.283	0.345	0.24	0.407	0.484	0.179	0.221	0.184	0.206	0.18	0.199	0.177	0.293	0.343	0.246	0.386	0.484	0.187	0.224	0.192	0.205	0.179	0.207	0.173	0.29	0.353	0.246	0.415	0.499	0.188	0.223	0.186	0.214	0.185	0.209	0.179	0.292
12:34:53	29.1	0.116	0.117	0.387	0.462	0.179	0.214	0.184	0.189	0.172	0.258	0.143	0.268	0.342	0.247	0.405	0.474	0.18	0.217	0.185	0.189	0.175	0.27	0.141	0.263	0.339	0.248	0.402	0.479	0.179	0.211	0.175	0.201	0.167	0.277	0.145	0.263	0.351	0.245	0.42	0.498	0.181	0.22	0.185	0.202	0.187	0.257	0.139	0.263	0.344	0.246	0.407	0.504	0.183	0.238	0.187	0.226	0.186	0.215	0.197	0.299	0.35	0.246	0.416	0.491	0.182	0.231	0.188	0.213	0.184	0.212	0.18	0.299	0.348	0.254	0.392	0.489	0.191	0.234	0.195	0.216	0.182	0.214	0.177	0.296	0.355	0.256	0.425	0.504	0.192	0.232	0.191	0.22	0.189	0.218	0.184	0.302
12:50:56	29.1	0.116	0.117	0.396	0.47	0.182	0.222	0.189	0.2	0.174	0.268	0.145	0.275	0.349	0.253	0.412	0.479	0.183	0.225	0.188	0.199	0.178	0.267	0.142	0.274	0.343	0.255	0.411	0.487	0.182	0.219	0.178	0.21	0.168	0.29	0.146	0.274	0.358	0.254	0.428	0.505	0.185	0.225	0.188	0.205	0.189	0.273	0.141	0.283	0.349	0.253	0.415	0.51	0.187	0.244	0.191	0.233	0.19	0.222	0.202	0.308	0.359	0.258	0.422	0.497	0.185	0.241	0.192	0.22	0.186	0.221	0.183	0.32	0.355	0.264	0.4	0.498	0.193	0.239	0.2	0.223	0.187	0.22	0.181	0.315	0.361	0.265	0.434	0.51	0.195	0.241	0.194	0.228	0.194	0.229	0.186	0.319
13:07:00	29.1	0.116	0.117	0.404	0.477	0.186	0.236	0.186	0.21	0.176	0.278	0.146	0.284	0.353	0.263	0.421	0.486	0.186	0.233	0.187	0.207	0.181	0.284	0.144	0.283	0.347	0.261	0.417	0.493	0.185	0.232	0.179	0.22	0.171	0.296	0.146	0.294	0.361	0.263	0.43	0.509	0.187	0.235	0.194	0.214	0.191	0.273	0.141	0.288	0.357	0.262	0.421	0.517	0.19	0.251	0.194	0.239	0.194	0.229	0.204	0.318	0.364	0.267	0.43	0.506	0.189	0.248	0.196	0.228	0.19	0.228	0.188	0.325	0.362	0.271	0.406	0.505	0.199	0.248	0.203	0.232	0.19	0.229	0.185	0.323	0.367	0.275	0.441	0.515	0.199	0.249	0.2	0.235	0.197	0.234	0.19	0.331
13:23:03	29.1	0.116	0.117	0.411	0.482	0.189	0.241	0.196	0.223	0.18	0.286	0.147	0.299	0.359	0.276	0.429	0.491	0.192	0.242	0.201	0.218	0.186	0.288	0.144	0.298	0.351	0.271	0.423	0.503	0.19	0.24	0.194	0.226	0.175	0.309	0.148	0.295	0.367	0.273	0.442	0.514	0.191	0.245	0.194	0.221	0.195	0.287	0.143	0.291	0.361	0.268	0.428	0.522	0.195	0.259	0.2	0.246	0.193	0.243	0.209	0.329	0.37	0.278	0.438	0.509	0.193	0.258	0.2	0.236	0.195	0.239	0.192	0.338	0.366	0.282	0.414	0.51	0.201	0.256	0.208	0.241	0.194	0.239	0.19	0.335	0.372	0.286	0.45	0.52	0.205	0.257	0.204	0.244	0.201	0.246	0.194	0.338
13:39:07	29.1	0.116	0.117	0.419	0.494	0.191	0.249	0.204	0.232	0.184	0.297	0.149	0.312	0.364	0.284	0.435	0.501	0.193	0.247	0.203	0.227	0.189	0.299	0.145	0.303	0.356	0.283	0.431	0.506	0.192	0.244	0.192	0.236	0.178	0.318	0.149	0.306	0.373	0.282	0.45	0.519	0.194	0.25	0.203	0.231	0.198	0.296	0.144	0.311	0.365	0.281	0.437	0.527	0.197	0.267	0.202	0.253	0.196	0.251	0.211	0.344	0.374	0.286	0.448	0.516	0.197	0.263	0.205	0.242	0.198	0.247	0.195	0.348	0.372	0.29	0.427	0.516	0.205	0.258	0.212	0.249	0.197	0.25	0.192	0.349	0.376	0.295	0.455	0.529	0.208	0.266	0.209	0.248	0.205	0.259	0.198	0.352
13:55:10	29.1	0.116	0.117	0.426	0.5	0.196	0.252	0.216	0.234	0.187	0.305	0.15	0.319	0.37	0.293	0.442	0.503	0.196	0.259	0.229	0.235	0.193	0.312	0.147	0.318	0.362	0.29	0.438	0.512	0.195	0.252	0.211	0.244	0.182	0.324	0.151	0.316	0.376	0.291	0.454	0.525	0.198	0.261	0.22	0.234	0.201	0.31	0.146	0.315	0.372	0.29	0.445	0.534	0.201	0.276	0.209	0.256	0.199	0.261	0.215	0.354	0.383	0.295	0.451	0.516	0.201	0.27	0.211	0.25	0.201	0.259	0.198	0.359	0.373	0.3	0.428	0.522	0.209	0.273	0.216	0.252	0.202	0.265	0.195	0.352	0.381	0.306	0.466	0.533	0.213	0.275	0.214	0.257	0.209	0.268	0.201	0.371
14:11:13	29	0.116	0.117	0.434	0.505	0.199	0.257	0.215	0.239	0.19	0.313	0.151	0.329	0.377	0.296	0.448	0.508	0.198	0.262	0.22	0.239	0.196	0.318	0.149	0.327	0.367	0.298	0.445	0.518	0.2	0.258	0.221	0.246	0.184	0.336	0.152	0.33	0.384	0.3	0.466	0.531	0.201	0.27	0.23	0.241	0.203	0.319	0.147	0.325	0.377	0.297	0.451	0.539	0.204	0.291	0.211	0.265	0.201	0.271	0.219	0.363	0.387	0.303	0.461	0.522	0.205	0.279	0.215	0.262	0.204	0.267	0.201	0.365	0.382	0.308	0.434	0.526	0.214	0.285	0.221	0.26	0.204	0.271	0.198	0.363	0.388	0.312	0.473	0.538	0.218	0.287	0.216	0.266	0.21	0.278	0.203	0.369
14:27:17	29.1	0.116	0.117	0.44	0.511	0.202	0.266	0.228	0.246	0.193	0.322	0.153	0.334	0.383	0.303	0.453	0.516	0.202	0.266	0.238	0.247	0.199	0.328	0.149	0.34	0.373	0.306	0.453	0.523	0.203	0.268	0.237	0.257	0.187	0.345	0.153	0.341	0.389	0.306	0.469	0.534	0.204	0.274	0.228	0.25	0.206	0.333	0.148	0.339	0.383	0.305	0.458	0.542	0.21	0.295	0.217	0.277	0.204	0.283	0.222	0.362	0.392	0.31	0.466	0.527	0.208	0.293	0.222	0.27	0.208	0.28	0.204	0.375	0.384	0.313	0.443	0.531	0.214	0.299	0.23	0.274	0.208	0.283	0.202	0.37	0.391	0.318	0.479	0.542	0.226	0.295	0.224	0.279	0.215	0.286	0.208	0.378
14:43:20	29.1	0.116	0.117	0.448	0.517	0.205	0.273	0.233	0.256	0.198	0.335	0.156	0.342	0.388	0.309	0.459	0.519	0.207	0.279	0.239	0.257	0.205	0.336	0.152	0.343	0.377	0.308	0.462	0.53	0.207	0.279	0.239	0.266	0.192	0.358	0.155	0.347	0.391	0.314	0.479	0.54	0.208	0.285	0.255	0.262	0.211	0.34	0.151	0.353	0.389	0.31	0.467	0.55	0.21	0.305	0.224	0.288	0.21	0.293	0.227	0.372	0.399	0.313	0.475	0.535	0.215	0.3	0.228	0.281	0.214	0.285	0.209	0.387	0.392	0.319	0.454	0.538	0.221	0.304	0.234	0.287	0.212	0.289	0.206	0.378	0.395	0.322	0.483	0.544	0.233	0.305	0.23	0.291	0.22	0.288	0.212	0.393
14:59:24	29.1	0.116	0.117	0.456	0.518	0.206	0.281	0.244	0.263	0.2	0.337	0.157	0.344	0.395	0.312	0.466	0.524	0.204	0.287	0.248	0.261	0.207	0.341	0.154	0.352	0.382	0.313	0.469	0.535	0.205	0.284	0.247	0.277	0.195	0.365	0.157	0.354	0.398	0.317	0.484	0.543	0.214	0.296	0.258	0.268	0.214	0.35	0.154	0.358	0.393	0.313	0.473	0.554	0.22	0.313	0.229	0.294	0.213	0.295	0.229	0.379	0.405	0.318	0.478	0.538	0.224	0.304	0.234	0.289	0.217	0.299	0.211	0.388	0.397	0.319	0.458	0.539	0.232	0.31	0.241	0.293	0.217	0.31	0.212	0.381	0.402	0.326	0.489	0.55	0.236	0.311	0.236	0.298	0.222	0.305	0.214	0.393
15:15:27	29.1	0.116	0.117	0.455	0.522	0.208	0.286	0.257	0.27	0.205	0.34	0.157	0.353	0.4	0.316	0.472	0.528	0.216	0.289	0.251	0.27	0.211	0.344	0.155	0.354	0.384	0.316	0.474	0.536	0.215	0.289	0.246	0.284	0.199	0.368	0.158	0.362	0.402	0.321	0.49	0.549	0.216	0.3	0.26	0.277	0.217	0.353	0.155	0.365	0.399	0.316	0.481	0.559	0.228	0.318	0.236	0.301	0.217	0.304	0.233	0.38	0.41	0.32	0.487	0.546	0.228	0.312	0.237	0.296	0.221	0.303	0.216	0.392	0.4	0.324	0.462	0.548	0.238	0.314	0.247	0.303	0.219	0.308	0.214	0.392	0.407	0.329	0.496	0.555	0.246	0.314	0.243	0.305	0.228	0.321	0.219	0.404
15:31:30	29.1	0.116	0.117	0.467	0.526	0.218	0.292	0.251	0.276	0.208	0.346	0.159	0.362	0.405	0.319	0.478	0.535	0.223	0.295	0.259	0.28	0.216	0.353	0.156	0.363	0.391	0.323	0.48	0.545	0.224	0.297	0.257	0.296	0.202	0.378	0.16	0.37	0.409	0.325	0.493	0.551	0.224	0.305	0.271	0.29	0.22	0.363	0.157	0.37	0.403	0.321	0.487	0.565	0.238	0.323	0.245	0.306	0.223	0.317	0.238	0.392	0.417	0.323	0.492	0.548	0.237	0.318	0.245	0.303	0.225	0.324	0.218	0.402	0.41	0.325	0.469	0.551	0.245	0.323	0.255	0.31	0.224	0.321	0.218	0.399	0.414	0.334	0.502	0.56	0.25	0.325	0.249	0.313	0.232	0.331	0.222	0.408
15:47:34	29.1	0.116	0.117	0.469	0.529	0.227	0.296	0.256	0.279	0.211	0.348	0.16	0.363	0.41	0.324	0.484	0.537	0.232	0.299	0.259	0.283	0.219	0.357	0.158	0.366	0.394	0.326	0.48	0.548	0.232	0.3	0.246	0.298	0.206	0.38	0.162	0.376	0.412	0.328	0.501	0.558	0.231	0.314	0.278	0.293	0.223	0.371	0.158	0.382	0.409	0.322	0.489	0.566	0.242	0.329	0.249	0.313	0.225	0.33	0.242	0.397	0.424	0.325	0.495	0.55	0.242	0.318	0.252	0.306	0.226	0.329	0.225	0.407	0.413	0.331	0.475	0.554	0.251	0.326	0.264	0.311	0.231	0.333	0.224	0.402	0.417	0.337	0.506	0.563	0.259	0.324	0.258	0.32	0.239	0.335	0.229	0.415
16:03:37	29.1	0.116	0.117	0.474	0.531	0.233	0.302	0.257	0.285	0.213	0.356	0.162	0.37	0.416	0.327	0.491	0.54	0.238	0.304	0.266	0.288	0.223	0.364	0.159	0.376	0.402	0.329	0.488	0.551	0.237	0.306	0.251	0.302	0.209	0.387	0.164	0.383	0.419	0.334	0.506	0.561	0.242	0.316	0.279	0.301	0.227	0.377	0.16	0.387	0.415	0.326	0.493	0.571	0.25	0.333	0.256	0.315	0.229	0.338	0.247	0.402	0.428	0.327	0.502	0.551	0.249	0.323	0.259	0.311	0.23	0.339	0.23	0.414	0.419	0.334	0.48	0.557	0.26	0.325	0.268	0.319	0.235	0.343	0.228	0.41	0.423	0.339	0.51	0.568	0.27	0.33	0.264	0.323	0.243	0.35	0.234	0.42
16:19:41	29.1	0.116	0.117	0.478	0.536	0.24	0.308	0.258	0.286	0.211	0.361	0.163	0.373	0.42	0.326	0.493	0.543	0.245	0.307	0.275	0.295	0.221	0.364	0.16	0.378	0.407	0.328	0.49	0.557	0.247	0.309	0.258	0.308	0.21	0.391	0.165	0.388	0.424	0.337	0.51	0.565	0.247	0.32	0.287	0.304	0.231	0.384	0.162	0.392	0.419	0.331	0.495	0.571	0.257	0.337	0.259	0.322	0.237	0.349	0.254	0.406	0.435	0.333	0.505	0.554	0.259	0.326	0.266	0.312	0.238	0.348	0.236	0.42	0.424	0.335	0.486	0.562	0.266	0.331	0.279	0.321	0.241	0.35	0.234	0.414	0.427	0.344	0.508	0.568	0.276	0.338	0.273	0.329	0.249	0.359	0.24	0.425
16:35:44	29.1	0.116	0.117	0.48	0.537	0.245	0.305	0.269	0.292	0.219	0.365	0.165	0.376	0.425	0.334	0.498	0.546	0.251	0.309	0.267	0.298	0.227	0.367	0.163	0.379	0.408	0.334	0.497	0.556	0.254	0.309	0.257	0.309	0.214	0.395	0.167	0.393	0.429	0.34	0.514	0.565	0.254	0.324	0.286	0.306	0.233	0.385	0.164	0.397	0.422	0.331	0.502	0.576	0.263	0.338	0.266	0.324	0.24	0.352	0.26	0.409	0.439	0.335	0.508	0.553	0.264	0.332	0.273	0.32	0.243	0.356	0.239	0.423	0.427	0.34	0.488	0.562	0.273	0.336	0.284	0.324	0.245	0.356	0.241	0.421	0.434	0.344	0.513	0.573	0.284	0.337	0.28	0.335	0.254	0.365	0.246	0.43
16:51:48	29.1	0.116	0.117	0.486	0.537	0.25	0.316	0.263	0.298	0.227	0.371	0.168	0.387	0.43	0.335	0.501	0.551	0.258	0.315	0.269	0.302	0.235	0.373	0.165	0.385	0.414	0.334	0.5	0.563	0.263	0.316	0.279	0.315	0.224	0.403	0.169	0.404	0.435	0.345	0.518	0.57	0.261	0.328	0.303	0.309	0.24	0.392	0.165	0.407	0.43	0.338	0.506	0.581	0.271	0.342	0.272	0.332	0.247	0.361	0.264	0.423	0.448	0.338	0.514	0.557	0.271	0.332	0.278	0.324	0.249	0.361	0.243	0.427	0.432	0.342	0.497	0.57	0.281	0.338	0.292	0.328	0.251	0.364	0.25	0.426	0.438	0.351	0.516	0.575	0.293	0.343	0.285	0.336	0.263	0.372	0.252	0.44
17:07:51	29.1	0.115	0.117	0.487	0.541	0.255	0.317	0.28	0.3	0.233	0.37	0.17	0.391	0.436	0.337	0.505	0.554	0.264	0.318	0.268	0.306	0.242	0.377	0.167	0.39	0.417	0.337	0.507	0.566	0.267	0.321	0.274	0.317	0.228	0.407	0.171	0.406	0.44	0.346	0.521	0.572	0.269	0.333	0.3	0.318	0.247	0.401	0.167	0.41	0.436	0.341	0.509	0.585	0.277	0.349	0.276	0.332	0.252	0.365	0.267	0.422	0.451	0.339	0.515	0.558	0.276	0.336	0.283	0.329	0.254	0.368	0.249	0.434	0.44	0.344	0.5	0.567	0.287	0.343	0.296	0.331	0.255	0.368	0.261	0.432	0.441	0.351	0.521	0.575	0.301	0.346	0.29	0.342	0.271	0.383	0.256	0.445
17:23:55	29.1	0.115	0.117	0.496	0.549	0.264	0.323	0.294	0.306	0.24	0.381	0.173	0.398	0.44	0.34	0.511	0.557	0.27	0.324	0.271	0.31	0.249	0.386	0.169	0.402	0.424	0.34	0.509	0.567	0.277	0.325	0.272	0.325	0.234	0.419	0.174	0.417	0.445	0.349	0.527	0.576	0.276	0.339	0.297	0.322	0.251	0.404	0.17	0.414	0.439	0.345	0.517	0.585	0.285	0.351	0.281	0.34	0.255	0.373	0.275	0.432	0.456	0.342	0.517	0.558	0.284	0.343	0.29	0.335	0.258	0.381	0.253	0.444	0.446	0.349	0.501	0.564	0.293	0.344	0.301	0.337	0.263	0.381	0.27	0.433	0.45	0.357	0.517	0.572	0.307	0.35	0.296	0.348	0.286	0.39	0.266	0.453
17:39:58	29.1	0.116	0.117	0.498	0.546	0.268	0.323	0.28	0.305	0.243	0.387	0.173	0.4	0.444	0.338	0.513	0.556	0.277	0.327	0.297	0.314	0.251	0.389	0.17	0.402	0.431	0.341	0.512	0.57	0.283	0.327	0.301	0.326	0.237	0.417	0.176	0.418	0.45	0.352	0.53	0.578	0.284	0.343	0.302	0.321	0.256	0.41	0.172	0.421	0.443	0.35	0.516	0.588	0.288	0.355	0.286	0.344	0.258	0.377	0.282	0.434	0.463	0.345	0.52	0.559	0.288	0.347	0.292	0.337	0.263	0.38	0.263	0.443	0.45	0.351	0.502	0.568	0.296	0.346	0.303	0.336	0.267	0.383	0.269	0.437	0.454	0.359	0.517	0.575	0.311	0.357	0.299	0.348	0.287	0.394	0.273	0.455
17:56:01	29.1	0.115	0.116	0.502	0.549	0.273	0.324	0.28	0.311	0.247	0.386	0.176	0.404	0.449	0.341	0.516	0.561	0.281	0.329	0.276	0.314	0.256	0.391	0.172	0.408	0.435	0.343	0.516	0.575	0.286	0.328	0.28	0.331	0.244	0.422	0.178	0.421	0.452	0.355	0.533	0.583	0.286	0.347	0.291	0.326	0.26	0.413	0.173	0.43	0.449	0.348	0.521	0.591	0.292	0.362	0.289	0.346	0.276	0.379	0.286	0.437	0.469	0.347	0.522	0.563	0.294	0.349	0.295	0.336	0.274	0.385	0.272	0.451	0.453	0.351	0.506	0.569	0.302	0.351	0.307	0.34	0.281	0.39	0.274	0.447	0.46	0.36	0.521	0.577	0.316	0.356	0.304	0.354	0.29	0.396	0.288	0.461
18:12:05	29.1	0.115	0.116	0.503	0.553	0.28	0.333	0.285	0.316	0.252	0.398	0.181	0.415	0.453	0.345	0.519	0.563	0.285	0.331	0.279	0.322	0.261	0.399	0.176	0.414	0.44	0.345	0.521	0.573	0.291	0.338	0.281	0.339	0.249	0.424	0.18	0.431	0.46	0.359	0.536	0.581	0.292	0.35	0.294	0.329	0.266	0.421	0.175	0.432	0.45	0.355	0.526	0.592	0.295	0.362	0.296	0.352	0.274	0.389	0.292	0.44	0.474	0.351	0.523	0.561	0.296	0.35	0.301	0.343	0.277	0.391	0.277	0.458	0.46	0.354	0.507	0.57	0.306	0.357	0.311	0.347	0.288	0.397	0.281	0.453	0.464	0.364	0.52	0.579	0.321	0.361	0.31	0.358	0.297	0.403	0.289	0.464
18:28:08	29.1	0.116	0.116	0.509	0.559	0.286	0.333	0.29	0.32	0.257	0.402	0.183	0.414	0.46	0.346	0.524	0.563	0.291	0.337	0.281	0.317	0.265	0.407	0.179	0.42	0.445	0.349	0.524	0.577	0.296	0.338	0.286	0.337	0.26	0.436	0.184	0.434	0.465	0.362	0.538	0.583	0.297	0.351	0.299	0.335	0.274	0.424	0.178	0.437	0.457	0.36	0.524	0.595	0.299	0.367	0.296	0.355	0.286	0.393	0.302	0.449	0.48	0.353	0.521	0.566	0.3	0.355	0.304	0.346	0.284	0.4	0.279	0.464	0.464	0.358	0.506	0.571	0.309	0.362	0.317	0.352	0.296	0.4	0.285	0.46	0.469	0.365	0.521	0.574	0.327	0.364	0.312	0.363	0.296	0.409	0.292	0.47
18:44:12	29.1	0.115	0.116	0.507	0.559	0.289	0.338	0.304	0.322	0.266	0.404	0.186	0.421	0.463	0.347	0.531	0.569	0.291	0.344	0.284	0.324	0.27	0.411	0.181	0.428	0.45	0.353	0.525	0.581	0.3	0.341	0.304	0.34	0.272	0.439	0.187	0.437	0.469	0.364	0.542	0.586	0.3	0.356	0.301	0.339	0.282	0.436	0.181	0.442	0.461	0.361	0.527	0.601	0.303	0.369	0.301	0.36	0.293	0.403	0.311	0.452	0.482	0.355	0.525	0.568	0.305	0.361	0.308	0.348	0.292	0.403	0.285	0.467	0.469	0.362	0.514	0.575	0.313	0.361	0.318	0.353	0.298	0.404	0.297	0.464	0.473	0.367	0.524	0.579	0.332	0.371	0.317	0.362	0.313	0.418	0.298	0.479
19:00:15	29.1	0.116	0.117	0.512	0.561	0.293	0.343	0.317	0.326	0.268	0.412	0.19	0.427	0.468	0.352	0.532	0.568	0.297	0.344	0.287	0.327	0.278	0.417	0.185	0.432	0.452	0.352	0.529	0.583	0.305	0.344	0.303	0.347	0.275	0.444	0.19	0.444	0.475	0.37	0.543	0.587	0.305	0.363	0.304	0.345	0.295	0.441	0.184	0.452	0.467	0.368	0.524	0.596	0.305	0.379	0.302	0.365	0.288	0.41	0.308	0.459	0.489	0.358	0.523	0.563	0.311	0.364	0.311	0.355	0.295	0.408	0.296	0.464	0.473	0.363	0.507	0.574	0.316	0.368	0.322	0.355	0.299	0.412	0.315	0.466	0.478	0.371	0.519	0.578	0.338	0.368	0.321	0.368	0.326	0.421	0.321	0.483
19:16:18	29.1	0.116	0.116	0.515	0.565	0.298	0.342	0.313	0.324	0.273	0.413	0.193	0.428	0.471	0.352	0.534	0.573	0.303	0.348	0.29	0.33	0.281	0.42	0.189	0.432	0.454	0.357	0.531	0.585	0.309	0.344	0.295	0.348	0.276	0.446	0.193	0.449	0.478	0.372	0.543	0.587	0.308	0.366	0.306	0.344	0.298	0.441	0.187	0.452	0.468	0.37	0.531	0.599	0.308	0.383	0.303	0.369	0.296	0.413	0.315	0.464	0.491	0.361	0.528	0.568	0.311	0.361	0.314	0.355	0.312	0.419	0.3	0.475	0.479	0.363	0.513	0.58	0.316	0.369	0.324	0.359	0.306	0.419	0.309	0.469	0.481	0.375	0.527	0.578	0.342	0.373	0.323	0.367	0.332	0.423	0.313	0.489
19:32:22	29.1	0.115	0.116	0.517	0.567	0.299	0.345	0.301	0.332	0.281	0.42	0.196	0.432	0.476	0.355	0.539	0.572	0.305	0.349	0.291	0.335	0.289	0.425	0.191	0.438	0.46	0.356	0.537	0.585	0.309	0.35	0.295	0.357	0.287	0.449	0.196	0.453	0.483	0.376	0.548	0.59	0.315	0.374	0.314	0.346	0.293	0.446	0.19	0.459	0.473	0.374	0.533	0.596	0.309	0.385	0.307	0.373	0.302	0.417	0.323	0.467	0.496	0.367	0.527	0.57	0.316	0.372	0.318	0.361	0.307	0.425	0.321	0.479	0.481	0.367	0.512	0.582	0.32	0.368	0.327	0.363	0.314	0.422	0.312	0.478	0.488	0.376	0.53	0.582	0.346	0.374	0.326	0.368	0.33	0.432	0.325	0.495
19:48:26	29.2	0.115	0.116	0.522	0.567	0.3	0.351	0.304	0.331	0.289	0.424	0.198	0.439	0.48	0.354	0.537	0.572	0.305	0.354	0.296	0.337	0.297	0.432	0.194	0.445	0.465	0.358	0.54	0.585	0.316	0.354	0.305	0.359	0.296	0.455	0.198	0.458	0.489	0.381	0.547	0.592	0.316	0.374	0.313	0.351	0.299	0.453	0.193	0.465	0.477	0.376	0.533	0.602	0.313	0.39	0.313	0.377	0.312	0.424	0.33	0.478	0.499	0.368	0.531	0.57	0.321	0.375	0.324	0.361	0.321	0.427	0.327	0.48	0.487	0.369	0.517	0.583	0.324	0.372	0.329	0.367	0.323	0.43	0.322	0.481	0.491	0.38	0.53	0.586	0.35	0.38	0.33	0.375	0.341	0.442	0.335	0.497
20:04:29	29.1	0.116	0.116	0.519	0.573	0.304	0.353	0.32	0.334	0.301	0.427	0.2	0.443	0.484	0.354	0.541	0.57	0.31	0.356	0.305	0.339	0.313	0.434	0.197	0.444	0.471	0.358	0.537	0.586	0.316	0.353	0.298	0.359	0.287	0.459	0.2	0.458	0.494	0.383	0.543	0.589	0.317	0.373	0.317	0.354	0.308	0.456	0.195	0.462	0.48	0.38	0.526	0.599	0.318	0.393	0.313	0.377	0.319	0.427	0.339	0.473	0.504	0.373	0.528	0.57	0.323	0.373	0.325	0.364	0.324	0.429	0.325	0.481	0.49	0.372	0.512	0.579	0.325	0.374	0.333	0.367	0.335	0.433	0.331	0.479	0.494	0.382	0.528	0.583	0.357	0.381	0.333	0.375	0.35	0.442	0.345	0.491
20:20:32	29.1	0.116	0.116	0.525	0.575	0.306	0.354	0.311	0.336	0.305	0.431	0.206	0.447	0.487	0.36	0.544	0.575	0.314	0.361	0.298	0.343	0.317	0.439	0.201	0.453	0.473	0.362	0.542	0.589	0.319	0.36	0.33	0.36	0.298	0.465	0.205	0.467	0.494	0.387	0.548	0.592	0.322	0.378	0.315	0.356	0.314	0.461	0.2	0.47	0.484	0.384	0.537	0.603	0.321	0.398	0.317	0.383	0.336	0.431	0.348	0.482	0.507	0.375	0.531	0.575	0.329	0.383	0.33	0.37	0.335	0.44	0.34	0.485	0.494	0.375	0.517	0.582	0.332	0.378	0.34	0.374	0.344	0.441	0.344	0.484	0.503	0.384	0.531	0.587	0.361	0.379	0.335	0.38	0.359	0.449	0.357	0.495
20:36:36	29.1	0.115	0.116	0.525	0.582	0.31	0.361	0.316	0.341	0.309	0.436	0.21	0.451	0.492	0.36	0.545	0.578	0.319	0.363	0.305	0.349	0.323	0.448	0.204	0.454	0.477	0.364	0.544	0.592	0.322	0.36	0.335	0.365	0.316	0.468	0.208	0.471	0.501	0.388	0.547	0.595	0.327	0.378	0.321	0.361	0.325	0.471	0.202	0.472	0.489	0.39	0.532	0.601	0.326	0.404	0.322	0.388	0.336	0.439	0.356	0.478	0.512	0.377	0.532	0.569	0.335	0.383	0.334	0.37	0.345	0.447	0.343	0.486	0.5	0.376	0.516	0.58	0.332	0.378	0.344	0.374	0.353	0.446	0.351	0.485	0.501	0.389	0.529	0.583	0.367	0.384	0.34	0.381	0.371	0.46	0.366	0.496
20:52:39	29.1	0.116	0.116	0.528	0.577	0.31	0.362	0.315	0.343	0.315	0.437	0.213	0.456	0.496	0.364	0.546	0.579	0.323	0.365	0.304	0.35	0.328	0.45	0.204	0.458	0.48	0.37	0.547	0.594	0.326	0.364	0.34	0.367	0.315	0.472	0.212	0.468	0.507	0.388	0.548	0.595	0.329	0.386	0.322	0.367	0.34	0.473	0.204	0.476	0.493	0.392	0.536	0.605	0.33	0.407	0.326	0.394	0.35	0.438	0.367	0.485	0.517	0.381	0.531	0.573	0.342	0.388	0.342	0.373	0.355	0.453	0.354	0.487	0.502	0.379	0.519	0.585	0.336	0.38	0.346	0.378	0.361	0.453	0.361	0.486	0.505	0.39	0.528	0.59	0.371	0.385	0.342	0.386	0.379	0.464	0.372	0.499
21:08:43	29.1	0.115	0.116	0.524	0.584	0.313	0.364	0.338	0.343	0.324	0.438	0.213	0.455	0.497	0.363	0.549	0.578	0.325	0.368	0.322	0.35	0.336	0.453	0.209	0.461	0.483	0.368	0.548	0.594	0.328	0.368	0.331	0.37	0.323	0.475	0.213	0.475	0.509	0.392	0.551	0.593	0.331	0.386	0.324	0.367	0.344	0.474	0.207	0.478	0.497	0.392	0.536	0.607	0.336	0.408	0.333	0.392	0.355	0.44	0.373	0.485	0.52	0.383	0.532	0.576	0.347	0.389	0.347	0.374	0.364	0.454	0.363	0.49	0.506	0.38	0.521	0.583	0.336	0.383	0.35	0.38	0.37	0.46	0.367	0.488	0.508	0.392	0.53	0.591	0.378	0.39	0.344	0.388	0.388	0.464	0.381	0.498
21:24:46	29.1	0.115	0.116	0.526	0.581	0.311	0.36	0.311	0.341	0.325	0.436	0.224	0.453	0.5	0.359	0.547	0.581	0.329	0.367	0.302	0.348	0.337	0.446	0.217	0.454	0.48	0.367	0.545	0.595	0.328	0.359	0.304	0.364	0.326	0.468	0.221	0.467	0.511	0.39	0.549	0.598	0.33	0.385	0.326	0.359	0.348	0.461	0.213	0.464	0.498	0.391	0.537	0.604	0.335	0.412	0.335	0.391	0.357	0.433	0.373	0.481	0.52	0.378	0.532	0.573	0.35	0.387	0.348	0.372	0.371	0.443	0.362	0.487	0.508	0.376	0.517	0.581	0.336	0.382	0.351	0.376	0.375	0.447	0.368	0.481	0.511	0.391	0.529	0.59	0.377	0.386	0.343	0.385	0.386	0.454	0.382	0.498
21:40:50	29.1	0.115	0.116	0.528	0.581	0.316	0.363	0.312	0.342	0.331	0.433	0.228	0.453	0.502	0.362	0.548	0.58	0.332	0.371	0.311	0.351	0.345	0.456	0.221	0.458	0.486	0.37	0.546	0.597	0.33	0.363	0.305	0.368	0.335	0.467	0.227	0.467	0.515	0.394	0.547	0.599	0.336	0.387	0.327	0.359	0.355	0.467	0.219	0.473	0.502	0.396	0.535	0.605	0.339	0.413	0.34	0.397	0.364	0.434	0.376	0.481	0.524	0.381	0.533	0.575	0.356	0.39	0.354	0.376	0.377	0.449	0.363	0.486	0.512	0.376	0.521	0.579	0.344	0.384	0.356	0.379	0.379	0.445	0.375	0.486	0.514	0.39	0.53	0.589	0.383	0.388	0.347	0.386	0.395	0.46	0.389	0.497
21:56:53	29.1	0.115	0.116	0.53	0.587	0.322	0.372	0.318	0.348	0.344	0.453	0.229	0.466	0.507	0.374	0.554	0.584	0.337	0.379	0.317	0.358	0.359	0.473	0.227	0.47	0.489	0.376	0.555	0.598	0.336	0.375	0.311	0.375	0.347	0.486	0.227	0.476	0.52	0.395	0.555	0.599	0.341	0.396	0.333	0.373	0.366	0.483	0.222	0.485	0.504	0.402	0.539	0.611	0.349	0.42	0.346	0.401	0.383	0.459	0.393	0.49	0.53	0.386	0.535	0.576	0.362	0.399	0.362	0.386	0.382	0.468	0.382	0.493	0.515	0.384	0.526	0.585	0.348	0.389	0.361	0.388	0.392	0.472	0.388	0.491	0.518	0.396	0.529	0.591	0.395	0.397	0.351	0.393	0.41	0.476	0.405	0.504
22:12:56	29.1	0.115	0.116	0.535	0.588	0.327	0.373	0.32	0.35	0.352	0.455	0.234	0.471	0.508	0.376	0.558	0.59	0.342	0.383	0.33	0.36	0.365	0.48	0.23	0.475	0.493	0.378	0.556	0.6	0.341	0.374	0.315	0.381	0.354	0.49	0.232	0.483	0.522	0.4	0.552	0.599	0.345	0.398	0.339	0.372	0.373	0.484	0.226	0.487	0.509	0.402	0.541	0.611	0.356	0.424	0.349	0.409	0.393	0.464	0.4	0.492	0.531	0.388	0.534	0.578	0.367	0.404	0.368	0.388	0.395	0.472	0.389	0.495	0.519	0.386	0.524	0.585	0.35	0.39	0.365	0.388	0.399	0.469	0.396	0.497	0.523	0.398	0.532	0.591	0.401	0.401	0.357	0.395	0.417	0.479	0.413	0.506
22:29:00	29.1	0.115	0.116	0.535	0.588	0.329	0.378	0.324	0.356	0.36	0.461	0.237	0.47	0.512	0.374	0.551	0.589	0.346	0.384	0.329	0.366	0.372	0.481	0.233	0.478	0.496	0.377	0.555	0.598	0.344	0.378	0.317	0.383	0.362	0.491	0.234	0.489	0.53	0.401	0.553	0.601	0.346	0.404	0.339	0.373	0.383	0.484	0.228	0.486	0.513	0.408	0.54	0.609	0.358	0.432	0.357	0.412	0.4	0.469	0.407	0.497	0.536	0.391	0.536	0.579	0.372	0.405	0.372	0.391	0.397	0.475	0.396	0.493	0.524	0.385	0.524	0.582	0.352	0.394	0.369	0.393	0.406	0.477	0.406	0.493	0.525	0.399	0.526	0.592	0.409	0.401	0.359	0.394	0.427	0.483	0.422	0.503
22:45:03	29.1	0.115	0.116	0.535	0.588	0.333	0.378	0.327	0.355	0.367	0.463	0.24	0.476	0.515	0.378	0.558	0.588	0.352	0.389	0.325	0.369	0.379	0.483	0.237	0.477	0.499	0.383	0.554	0.603	0.349	0.381	0.32	0.386	0.367	0.496	0.239	0.489	0.532	0.403	0.552	0.6	0.349	0.408	0.342	0.381	0.388	0.489	0.232	0.491	0.515	0.408	0.54	0.61	0.36	0.431	0.36	0.416	0.406	0.472	0.417	0.498	0.538	0.393	0.535	0.578	0.379	0.408	0.377	0.391	0.404	0.483	0.402	0.495	0.527	0.386	0.524	0.585	0.357	0.399	0.375	0.394	0.414	0.476	0.411	0.496	0.528	0.402	0.531	0.593	0.413	0.403	0.363	0.396	0.431	0.487	0.423	0.503
23:01:07	29.1	0.115	0.116	0.537	0.589	0.335	0.38	0.341	0.359	0.373	0.466	0.245	0.476	0.52	0.375	0.557	0.588	0.355	0.389	0.338	0.371	0.384	0.482	0.242	0.48	0.501	0.386	0.552	0.604	0.351	0.385	0.322	0.385	0.377	0.498	0.243	0.494	0.536	0.404	0.553	0.603	0.353	0.41	0.345	0.383	0.396	0.493	0.236	0.49	0.52	0.412	0.539	0.61	0.367	0.438	0.363	0.417	0.417	0.473	0.423	0.496	0.542	0.394	0.535	0.579	0.384	0.41	0.38	0.394	0.41	0.477	0.41	0.491	0.532	0.388	0.526	0.582	0.361	0.401	0.38	0.397	0.419	0.476	0.419	0.498	0.531	0.403	0.53	0.596	0.419	0.406	0.368	0.403	0.441	0.485	0.433	0.503
23:17:10	29.1	0.115	0.116	0.536	0.59	0.337	0.386	0.34	0.36	0.379	0.472	0.249	0.478	0.521	0.376	0.553	0.588	0.362	0.392	0.323	0.375	0.393	0.486	0.245	0.484	0.502	0.384	0.555	0.605	0.353	0.388	0.321	0.39	0.382	0.499	0.248	0.498	0.54	0.408	0.553	0.604	0.355	0.412	0.347	0.381	0.402	0.494	0.241	0.493	0.522	0.413	0.54	0.613	0.374	0.441	0.368	0.422	0.422	0.479	0.427	0.498	0.547	0.396	0.537	0.579	0.385	0.413	0.384	0.396	0.418	0.479	0.419	0.495	0.536	0.392	0.525	0.58	0.367	0.399	0.383	0.398	0.43	0.48	0.427	0.493	0.532	0.402	0.531	0.594	0.423	0.406	0.371	0.398	0.448	0.487	0.442	0.508
23:33:13	29.1	0.115	0.116	0.538	0.592	0.337	0.385	0.352	0.361	0.384	0.47	0.253	0.482	0.525	0.378	0.555	0.592	0.365	0.394	0.339	0.376	0.396	0.485	0.25	0.487	0.507	0.383	0.553	0.605	0.358	0.389	0.323	0.389	0.387	0.502	0.255	0.499	0.54	0.408	0.556	0.604	0.361	0.413	0.349	0.383	0.412	0.494	0.242	0.496	0.526	0.411	0.54	0.614	0.377	0.442	0.371	0.424	0.429	0.478	0.434	0.499	0.547	0.396	0.537	0.579	0.391	0.414	0.387	0.396	0.425	0.479	0.424	0.493	0.539	0.392	0.525	0.582	0.368	0.401	0.387	0.396	0.436	0.48	0.431	0.496	0.539	0.404	0.527	0.594	0.429	0.405	0.373	0.401	0.454	0.486	0.447	0.505
23:49:17	29.1	0.115	0.116	0.541	0.594	0.343	0.388	0.34	0.366	0.394	0.476	0.258	0.484	0.528	0.379	0.555	0.591	0.369	0.394	0.332	0.378	0.405	0.49	0.255	0.492	0.509	0.382	0.556	0.605	0.363	0.392	0.323	0.394	0.398	0.504	0.256	0.505	0.544	0.41	0.556	0.606	0.363	0.418	0.355	0.386	0.416	0.501	0.248	0.503	0.527	0.412	0.545	0.614	0.383	0.447	0.375	0.428	0.435	0.485	0.438	0.506	0.547	0.39	0.541	0.583	0.395	0.42	0.392	0.4	0.433	0.484	0.432	0.501	0.544	0.398	0.53	0.585	0.37	0.407	0.392	0.402	0.443	0.484	0.441	0.502	0.537	0.406	0.535	0.596	0.437	0.41	0.378	0.407	0.462	0.488	0.459	0.515
24:05:20	29.1	0.115	0.116	0.54	0.593	0.347	0.389	0.343	0.364	0.395	0.477	0.264	0.493	0.531	0.379	0.557	0.592	0.373	0.397	0.338	0.382	0.41	0.494	0.269	0.496	0.512	0.383	0.554	0.607	0.366	0.393	0.324	0.39	0.402	0.505	0.262	0.506	0.548	0.413	0.558	0.605	0.366	0.419	0.355	0.388	0.424	0.501	0.253	0.504	0.528	0.413	0.544	0.617	0.386	0.448	0.378	0.429	0.441	0.484	0.448	0.504	0.548	0.39	0.536	0.585	0.4	0.422	0.396	0.4	0.44	0.485	0.436	0.499	0.542	0.396	0.529	0.581	0.375	0.406	0.397	0.406	0.451	0.483	0.446	0.505	0.543	0.405	0.534	0.595	0.445	0.413	0.382	0.408	0.466	0.494	0.463	0.517
