Time	T° eGFP:488,520	A1	A2	A3	A4	A5	A6	A7	A8	A9	A10	A11	A12	B1	B2	B3	B4	B5	B6	B7	B8	B9	B10	B11	B12	C1	C2	C3	C4	C5	C6	C7	C8	C9	C10	C11	C12	D1	D2	D3	D4	D5	D6	D7	D8	D9	D10	D11	D12	E1	E2	E3	E4	E5	E6	E7	E8	E9	E10	E11	E12	F1	F2	F3	F4	F5	F6	F7	F8	F9	F10	F11	F12	G1	G2	G3	G4	G5	G6	G7	G8	G9	G10	G11	G12	H1	H2	H3	H4	H5	H6	H7	H8	H9	H10	H11	H12
0:00:11	29	722	724	730	869	753	744	744	751	718	740	733	737	1196	853	742	877	740	741	751	732	740	746	731	722	1211	899	755	979	751	747	767	770	752	762	742	716	1243	885	748	898	745	755	742	773	768	778	746	727	1187	887	769	888	748	739	767	762	750	754	736	727	1135	885	773	904	741	768	743	763	748	736	752	740	1195	945	741	899	755	775	744	757	736	740	734	752	1110	895	755	865	750	754	757	730	770	729	723	730
0:16:15	29	735	730	723	909	749	743	745	737	737	732	713	726	1289	881	758	893	745	718	769	745	738	736	742	726	1173	893	745	977	753	742	750	757	745	739	731	728	1211	889	736	899	774	773	749	724	768	748	736	718	1241	904	753	933	728	750	768	767	750	755	721	725	1160	915	774	869	769	754	759	773	758	736	742	728	1207	899	748	869	729	763	746	731	739	737	728	754	1105	909	743	916	750	731	756	721	732	727	753	745
0:32:19	29	728	696	756	942	750	750	755	733	734	722	742	710	1286	909	746	904	749	756	760	751	729	751	727	716	1200	911	750	1022	770	751	734	737	760	755	753	709	1254	909	764	1008	746	743	751	762	763	747	750	749	1188	884	767	964	744	747	777	753	727	735	702	705	1130	914	764	887	770	751	756	777	740	708	744	704	1223	926	754	934	733	724	776	739	723	744	740	759	1114	894	745	1010	751	749	736	748	747	747	732	707
0:48:22	29	733	704	746	976	747	736	744	744	737	705	705	722	1284	904	733	926	736	744	751	732	729	748	701	711	1220	938	745	1067	746	749	737	758	757	754	720	713	1377	908	768	1027	767	752	777	759	757	756	726	753	1254	919	757	1020	757	725	771	753	773	739	734	726	1157	907	774	924	770	727	755	783	741	729	729	733	1274	945	770	950	748	776	749	769	749	729	746	763	1187	903	753	1051	765	754	766	773	729	741	732	739
1:04:25	29	731	695	747	981	728	743	747	729	736	723	740	719	1312	937	742	958	746	730	780	752	735	732	712	717	1238	929	753	1142	757	736	764	780	731	771	737	711	1463	929	790	1096	773	773	779	783	762	767	757	771	1276	909	784	1049	741	765	740	748	749	718	726	711	1195	933	763	986	749	765	757	790	747	726	742	750	1265	989	781	1019	754	766	763	765	746	730	745	750	1256	943	756	1104	750	774	767	774	747	744	746	727
1:20:29	29.1	692	724	727	1023	744	724	740	728	721	726	739	716	1307	913	753	998	755	755	755	747	731	780	721	724	1306	936	773	1214	758	763	791	769	745	753	736	725	1544	924	798	1185	789	806	791	772	768	749	750	755	1317	921	771	1041	742	754	744	735	731	750	704	684	1275	921	765	1000	741	759	770	758	759	753	753	730	1377	952	784	1056	746	770	774	753	744	734	730	747	1352	952	772	1240	747	767	765	801	753	744	752	756
1:36:32	29.1	734	699	757	998	706	736	743	724	724	727	722	735	1369	947	733	1008	736	725	781	764	726	747	710	722	1383	944	774	1344	746	777	772	806	750	765	754	715	1645	979	837	1272	772	823	806	811	767	762	733	774	1350	893	755	1058	769	718	753	718	752	736	727	725	1260	941	780	1054	766	746	783	804	770	735	735	740	1357	985	787	1142	759	796	775	806	741	768	776	795	1420	973	792	1335	798	825	776	856	771	782	779	785
1:52:36	29	726	715	721	1039	752	732	753	754	727	736	732	725	1407	927	753	1037	755	743	780	791	753	741	717	710	1453	994	807	1424	742	793	796	811	757	736	748	763	1744	1017	865	1431	787	876	813	867	769	754	755	807	1351	922	747	1079	735	733	734	760	761	742	715	724	1283	942	754	1096	775	799	776	809	757	725	756	749	1457	1015	818	1264	768	824	801	821	726	758	762	797	1521	1009	825	1487	793	809	809	843	758	763	783	821
2:08:39	29.1	732	714	751	1019	727	750	737	704	725	735	692	728	1456	957	755	1130	746	760	801	766	747	761	743	716	1538	999	834	1595	787	820	816	843	737	768	730	781	1807	1045	903	1593	793	903	827	875	784	786	768	851	1380	936	756	1048	751	726	753	762	769	741	715	752	1389	966	785	1132	746	767	796	811	719	738	746	731	1511	1049	830	1359	779	827	777	853	752	742	776	838	1586	1061	838	1618	836	855	841	869	786	762	811	845
2:24:42	29.1	725	712	747	1056	733	730	756	716	721	735	700	726	1482	995	782	1206	771	786	807	780	727	731	741	726	1605	1042	851	1746	770	850	849	868	783	798	750	790	1952	1070	960	1782	814	967	864	883	808	800	753	856	1394	921	755	1068	753	755	746	748	728	760	717	724	1396	1004	784	1190	763	797	803	806	742	717	726	739	1586	1085	867	1499	773	866	840	877	770	776	794	848	1684	1102	917	1817	850	887	836	922	792	792	818	868
2:40:46	29.1	702	722	743	1034	721	757	726	731	720	733	738	724	1495	1009	770	1263	760	773	814	800	729	759	740	736	1619	1102	872	1971	775	898	875	908	746	804	733	812	2037	1124	994	1984	794	971	884	945	806	800	746	899	1377	902	775	1083	751	759	737	756	757	748	708	727	1440	1033	812	1274	746	807	809	853	767	726	761	732	1636	1099	888	1651	794	877	859	904	778	766	783	883	1762	1122	955	2048	873	928	868	968	810	767	800	923
2:56:49	29.1	714	722	774	1047	734	728	758	713	711	715	721	731	1552	1052	808	1336	768	745	852	818	747	752	724	747	1747	1104	910	2192	789	910	870	940	759	815	741	826	2120	1164	1049	2192	821	1032	912	959	835	848	764	951	1404	920	771	1057	780	734	781	743	755	733	697	735	1493	1024	809	1345	783	826	812	870	732	746	739	791	1730	1171	953	1784	821	933	877	962	789	779	824	966	1842	1169	982	2293	889	925	910	972	805	830	851	978
3:12:53	29.1	718	709	730	1042	739	728	728	747	739	738	709	722	1627	1089	816	1369	783	809	846	825	759	739	719	704	1822	1133	965	2359	799	941	912	979	777	803	757	835	2290	1169	1142	2397	828	1066	944	990	840	876	749	1026	1433	948	775	1073	758	736	747	743	750	761	728	741	1505	1037	817	1408	786	814	849	886	748	725	765	783	1818	1171	1002	1965	854	954	923	970	772	798	846	973	2006	1216	1020	2468	944	990	919	1032	824	853	887	1034
3:28:56	29.1	707	726	769	1043	733	729	760	716	737	703	723	729	1699	1100	818	1420	764	808	882	843	747	749	727	754	1953	1189	992	2622	841	977	948	1010	806	887	748	892	2337	1246	1212	2670	870	1151	977	1038	846	903	773	1074	1448	959	756	1081	779	721	782	783	764	787	721	740	1538	1032	846	1471	823	833	833	911	761	747	760	785	1902	1252	1068	2134	863	1014	941	1026	809	802	848	1081	2082	1283	1100	2702	992	1015	931	1126	858	871	899	1088
3:44:59	29.1	694	710	744	1046	742	733	748	734	736	734	731	735	1728	1101	827	1534	790	822	903	877	725	758	746	775	2012	1214	1080	2838	844	1007	961	1070	814	910	766	950	2508	1348	1348	2951	880	1183	1014	1076	877	939	760	1115	1450	922	748	1084	752	723	753	781	717	756	735	738	1589	1124	841	1556	793	827	854	917	754	725	742	806	2022	1302	1077	2357	855	1047	970	1088	817	814	891	1121	2209	1320	1206	2981	1015	1068	986	1169	862	878	935	1187
4:01:03	29.1	741	713	739	1052	731	740	751	709	733	735	735	748	1781	1169	831	1615	793	841	907	872	759	776	741	748	2145	1312	1143	3068	858	1075	1018	1118	810	958	769	1019	2684	1392	1411	3199	901	1265	1080	1114	884	1004	793	1144	1438	967	783	1092	754	747	755	781	747	744	728	725	1660	1141	876	1645	816	846	880	930	776	719	772	791	2140	1336	1180	2603	861	1120	993	1139	833	850	902	1212	2337	1410	1282	3329	1045	1099	1005	1231	887	901	945	1302
4:17:06	29.1	712	718	744	1004	758	728	771	720	742	705	720	691	1801	1203	845	1702	807	834	909	933	719	771	754	782	2239	1366	1223	3379	880	1113	1089	1145	811	991	744	1066	2773	1449	1523	3539	959	1350	1107	1205	892	1050	783	1266	1468	935	775	1073	754	732	778	794	749	745	714	730	1742	1158	886	1670	839	908	904	967	773	768	762	828	2274	1424	1224	2781	908	1146	1030	1201	841	875	936	1247	2500	1517	1389	3587	1124	1169	1062	1286	896	954	1007	1375
4:33:10	29.1	728	700	739	1037	742	730	752	719	708	730	720	714	1869	1209	887	1702	803	868	924	950	741	756	742	784	2400	1413	1301	3580	873	1171	1092	1232	833	1018	757	1107	2983	1535	1615	3801	959	1416	1180	1265	900	1094	794	1387	1442	957	771	1070	758	765	737	751	763	759	716	718	1756	1176	890	1756	836	924	928	1004	744	770	772	828	2394	1489	1343	3102	892	1177	1077	1269	854	875	948	1350	2655	1612	1480	3872	1155	1242	1095	1417	950	955	1053	1470
4:49:13	29.1	702	715	740	1021	733	716	741	722	718	720	728	725	1887	1231	893	1814	832	878	976	972	747	771	750	813	2478	1529	1388	3831	919	1223	1138	1290	861	1087	803	1204	3094	1636	1734	4111	974	1477	1202	1327	926	1191	788	1485	1484	975	761	1046	744	760	750	759	753	756	710	746	1820	1239	890	1833	872	967	934	1009	760	745	794	853	2555	1562	1432	3346	947	1243	1145	1335	871	902	944	1420	2798	1672	1606	4182	1232	1275	1153	1460	951	1016	1078	1598
5:05:16	29.1	719	725	754	1039	730	746	752	724	739	724	719	731	1957	1259	868	1839	838	904	971	1010	742	781	736	799	2687	1562	1477	4149	919	1307	1199	1372	835	1113	790	1283	3317	1756	1896	4496	994	1555	1311	1403	958	1233	784	1549	1446	935	753	1064	764	752	763	765	765	744	722	737	1863	1250	903	1890	875	947	942	1049	776	761	779	874	2651	1629	1502	3545	984	1296	1191	1426	901	957	1011	1513	2940	1804	1744	4582	1308	1376	1231	1588	963	1051	1104	1752
5:21:20	29.1	721	716	744	1032	732	738	761	745	730	719	715	714	2010	1313	918	1904	845	907	1021	1029	746	768	750	801	2822	1685	1560	4399	965	1343	1266	1432	872	1175	787	1336	3416	1871	1960	4871	1021	1660	1344	1483	985	1306	791	1698	1472	978	771	1059	764	743	750	779	749	751	732	727	1928	1278	902	1961	889	972	971	1087	762	765	799	866	2801	1729	1606	3796	1027	1385	1243	1547	937	970	1052	1625	3110	1967	1918	4883	1388	1452	1294	1677	969	1095	1169	1888
5:37:23	29.1	714	725	766	1025	737	758	739	736	720	739	718	748	2059	1356	918	1961	858	923	1037	1064	771	777	747	830	2992	1755	1670	4709	969	1387	1300	1494	891	1213	781	1428	3639	2008	2143	5178	1068	1699	1447	1611	989	1403	830	1802	1477	982	797	1045	758	772	769	772	736	750	741	748	2004	1335	923	1985	889	976	977	1098	772	754	777	873	2968	1865	1670	4065	1063	1453	1328	1593	915	1011	1071	1651	3304	2046	2003	5296	1470	1537	1318	1827	1046	1163	1191	2008
5:53:26	29.1	718	699	756	1035	722	735	763	753	732	735	708	720	2135	1423	921	1991	854	977	1052	1093	767	758	761	851	3127	1917	1761	5007	1006	1415	1381	1573	910	1267	795	1543	3788	2161	2325	5511	1095	1809	1506	1682	1036	1481	868	1905	1454	991	774	1084	752	749	757	780	749	741	724	752	2060	1376	944	2045	917	1045	1015	1160	764	775	804	888	3095	1966	1775	4373	1104	1518	1374	1701	932	1049	1110	1739	3464	2215	2166	5693	1540	1626	1420	2004	1098	1246	1252	2203
6:09:30	29.1	687	704	757	1043	743	737	746	727	743	727	719	725	2184	1425	943	2012	882	981	1121	1110	748	804	755	863	3346	2018	1868	5254	1046	1509	1450	1657	941	1332	803	1579	4050	2295	2531	5986	1198	1914	1599	1799	1102	1544	846	2122	1457	970	790	1037	777	761	769	775	758	749	723	754	2112	1399	952	2104	968	1056	1055	1180	787	757	793	917	3298	2130	1893	4600	1127	1596	1471	1800	970	1099	1142	1874	3764	2374	2361	6058	1620	1782	1518	2102	1112	1302	1342	2368
6:25:33	29.1	700	724	763	1005	742	723	767	742	729	713	715	721	2286	1410	986	2077	912	992	1146	1143	732	796	732	864	3527	2171	2004	5562	1070	1554	1547	1770	965	1394	819	1705	4331	2430	2668	6457	1199	1938	1712	1998	1119	1690	845	2207	1465	979	781	1085	767	745	762	741	771	746	718	728	2194	1478	963	2117	976	1070	1086	1198	797	767	815	930	3485	2281	1987	4842	1168	1667	1567	1963	978	1127	1181	1947	4013	2543	2592	6528	1699	1862	1660	2199	1136	1372	1391	2505
6:41:36	29.1	712	713	764	993	725	748	757	755	728	741	728	752	2310	1496	974	2110	908	1039	1183	1196	745	804	757	856	3784	2299	2137	5854	1126	1684	1656	1916	985	1485	799	1790	4585	2599	2865	6906	1267	2108	1841	2112	1156	1763	848	2377	1471	1023	781	1051	746	767	742	796	747	761	728	738	2272	1517	981	2124	954	1084	1107	1230	797	780	832	920	3689	2452	1712	5161	1256	1813	1631	2082	1049	1170	1230	2071	4316	2691	2744	6942	1840	1950	1734	2375	1230	1475	1508	2717
6:57:40	29.1	705	726	763	1018	737	760	796	733	735	745	711	728	2386	1488	970	2123	920	1036	1233	1201	787	837	785	898	4032	2375	2224	6120	1157	1767	1806	1960	978	1471	841	1857	4841	2806	3117	7227	1325	2178	1999	2217	1204	1933	897	2488	1465	982	794	1076	755	755	732	772	736	743	733	733	2324	1523	1021	2172	992	1100	1186	1267	793	780	805	976	3934	2582	1711	5480	1279	1851	1814	2175	1077	1240	1300	2125	4604	2840	2934	7317	1906	2079	1878	2538	1310	1520	1559	2875
7:13:43	29.1	697	725	754	1032	728	734	763	748	738	728	702	747	2435	1509	994	2114	974	1092	1291	1228	748	809	768	888	4270	2548	2407	6378	1240	1798	1846	2078	1013	1493	855	1952	5192	2900	3284	7662	1356	2281	2167	2358	1248	2054	907	2620	1497	974	798	1042	766	747	785	768	759	761	737	754	2303	1549	1001	2208	1054	1139	1218	1285	825	794	818	958	4021	2622	1854	5839	1374	1933	1899	2265	1078	1239	1345	2191	4947	2984	3173	7712	2011	2177	2031	2705	1353	1595	1621	3117
7:29:47	29.1	721	699	750	1034	741	778	768	747	747	732	733	740	2487	1588	986	2183	970	1075	1314	1256	763	825	746	914	4598	2603	2513	6538	1250	1877	1999	2182	1053	1559	867	2065	5559	3107	3557	8047	1459	2368	2354	2528	1308	2119	910	2739	1511	968	787	1051	763	762	766	792	727	763	715	743	2418	1570	1028	2227	1046	1179	1222	1343	805	788	830	991	4217	2783	1986	6122	1463	2020	2007	2425	1139	1273	1403	2397	5353	3134	3412	8299	2089	2345	2185	2844	1392	1723	1706	3299
7:45:50	29.1	686	737	801	986	771	745	794	753	733	740	716	749	2533	1522	1006	2214	1000	1105	1394	1309	787	845	748	901	4865	2852	2733	6954	1338	1948	2154	2319	1087	1664	868	2116	5932	3304	3823	8746	1520	2450	2434	2613	1378	2274	936	2970	1506	1003	783	1060	770	781	791	790	758	772	738	769	2502	1603	1054	2258	1090	1188	1290	1368	816	798	847	972	4605	2922	2161	6410	1559	2112	2164	2614	1188	1319	1511	2541	5757	3368	3706	8941	2190	2433	2361	3014	1462	1755	1842	3699
8:01:53	29.1	699	720	792	1014	746	763	774	783	729	765	738	713	2568	1533	1046	2223	1000	1102	1455	1318	793	854	760	907	5198	2982	2850	7325	1411	2039	2271	2391	1120	1733	891	2278	6289	3473	4040	9303	1622	2583	2656	2876	1437	2431	958	3162	1501	983	785	1059	775	771	743	791	752	760	723	763	2550	1666	1078	2282	1129	1228	1287	1444	802	786	852	978	5040	3127	2368	6775	1661	2223	2294	2715	1203	1323	1530	2713	6351	3467	3951	9483	2275	2565	2494	3210	1571	1916	1954	3975
8:17:57	29.1	674	705	765	1026	745	736	772	758	726	737	730	745	2637	1581	1037	2196	1042	1187	1498	1365	799	835	739	926	5501	3129	3034	7556	1479	2169	2375	2544	1152	1795	918	2415	6712	3693	4383	9743	1724	2660	2744	2924	1514	2578	984	3281	1457	991	793	1026	782	765	773	797	764	764	731	773	2613	1667	1069	2298	1099	1237	1360	1479	812	791	862	970	5488	3195	2454	7214	1754	2309	2384	2803	1254	1379	1602	2857	6432	3720	4227	9887	2415	2745	2622	3295	1633	1937	2007	4233
8:34:00	29.1	708	731	823	1029	756	746	774	750	726	752	688	755	2736	1651	1045	2273	1061	1198	1554	1326	791	891	778	946	5997	3311	3105	7847	1550	2312	2475	2646	1210	1851	906	2454	7004	3882	4498	10222	1802	2826	2940	3175	1613	2762	995	3574	1519	1006	778	1049	780	772	803	791	771	754	736	776	2730	1759	1083	2321	1161	1279	1382	1478	837	813	901	992	5703	3411	2542	7562	1861	2471	2498	2922	1327	1435	1662	2974	6824	3957	4482	10612	2476	2912	2769	3568	1678	2099	2143	4534
8:50:04	29.1	715	716	807	1034	738	769	797	766	734	752	731	733	2906	1638	1080	2297	1094	1252	1628	1375	788	853	775	976	6150	3538	3244	8205	1638	2429	2543	2731	1258	2012	928	2708	7195	4146	4918	10907	1890	2964	3027	3425	1705	3010	1012	3954	1458	1016	823	1088	773	793	801	785	738	771	734	752	2930	1814	1097	2333	1161	1323	1412	1545	810	818	893	1045	6292	3621	2751	8049	1972	2654	2606	3120	1385	1486	1709	3226	7321	4257	4870	11325	2549	3203	2894	3820	1798	2180	2260	5038
9:06:07	29	712	707	802	1035	767	760	796	797	754	754	737	788	3036	1723	1122	2306	1097	1259	1684	1443	798	871	782	947	6376	3863	3532	8527	1716	2526	2706	2939	1286	2066	925	2931	7793	4407	5454	11461	2065	3146	3201	3583	1781	3193	1059	4317	1471	987	838	1087	774	794	767	810	758	748	720	769	3066	1882	1116	2380	1173	1341	1462	1578	848	796	912	1008	6606	3828	3100	8246	2067	2819	2731	3387	1404	1513	1727	3363	8060	4534	5321	11914	2635	3269	3061	4096	1907	2302	2397	5370
9:22:10	29.1	715	700	820	1022	779	785	788	789	771	778	748	754	3159	1746	1115	2317	1130	1305	1780	1497	795	892	765	1002	7087	4133	3860	8656	1836	2720	2864	3075	1337	2152	940	3127	8746	4734	5853	11968	2171	3413	3465	3894	1901	3457	1060	4722	1503	988	857	1088	780	816	801	798	749	758	746	778	3133	1928	1136	2328	1216	1417	1501	1639	861	843	897	1061	7124	4063	3194	8558	2133	2932	2833	3537	1480	1581	1809	3552	8753	4925	5770	12107	2748	3642	3236	4363	1977	2442	2500	5684
9:38:14	29.1	710	716	803	1045	750	801	809	789	753	752	699	748	3175	1849	1131	2309	1133	1389	1792	1509	824	883	792	1036	7720	4390	4028	8741	1923	2821	2875	3352	1378	2285	980	3249	9202	5104	6293	12130	2303	3562	3530	4095	1988	3617	1114	5067	1545	1016	882	1084	776	830	795	819	764	779	753	803	3180	2009	1170	2395	1230	1439	1529	1711	838	846	906	1100	7636	4348	3463	8745	2239	3114	2919	3786	1516	1639	1868	3774	9154	5332	6175	12328	2893	3962	3423	4672	2086	2567	2555	6105
9:54:17	29	695	709	823	1031	750	792	813	771	764	769	733	779	3170	1931	1131	2326	1167	1362	1812	1529	804	905	788	1030	7738	4564	4299	8663	1983	2975	2944	3511	1454	2332	1010	3417	9469	5503	6738	12056	2384	3782	3720	4370	2042	3828	1127	5323	1525	1009	857	1096	796	797	823	821	751	771	745	780	3259	2090	1188	2381	1254	1458	1532	1728	837	834	935	1090	8043	4525	3837	8707	2314	3327	3092	4032	1536	1714	1939	3894	9483	5658	6612	12437	2971	4209	3636	4974	2157	2732	2708	6327
10:10:21	29.1	714	715	842	1043	777	777	809	786	726	766	724	803	3224	1929	1162	2284	1165	1445	1923	1579	822	916	752	1069	7992	4870	4519	8749	2085	3193	3230	3789	1481	2473	1019	3523	9970	5893	7154	12008	2444	4053	3955	4703	2159	4209	1158	5807	1515	1042	851	1080	783	820	790	842	770	765	752	785	3285	2115	1214	2427	1267	1534	1608	1849	813	841	918	1118	8405	4972	4151	8862	2451	3509	3266	4311	1612	1822	2012	4094	9977	6054	7202	12565	3069	4501	3706	5261	2217	2986	2783	6799
10:26:24	29.1	698	707	858	1047	768	807	826	810	758	783	735	787	3315	2027	1182	2313	1185	1449	2046	1674	814	920	777	1058	8231	5136	4789	8767	2188	3549	3345	4004	1530	2580	1044	3727	10370	6203	7691	12123	2576	4450	4129	5003	2201	4361	1198	6210	1532	1037	852	1070	787	822	802	852	756	759	732	800	3368	2174	1236	2401	1289	1595	1626	1896	855	867	906	1190	8657	5196	4373	8885	2523	3575	3347	4558	1645	1928	2043	4476	10268	6656	7689	12570	3253	4870	3980	5666	2279	3182	2842	7492
10:42:28	29.1	703	702	878	1031	762	790	832	800	731	797	731	797	3334	2087	1211	2284	1234	1503	2142	1685	837	913	789	1094	8347	5501	5056	8895	2251	3656	3532	4365	1602	2736	1060	3846	10467	6522	7898	12239	2748	4687	4361	5395	2230	4570	1210	6382	1500	1035	881	1066	796	834	829	838	785	768	740	805	3375	2209	1256	2414	1312	1590	1695	2000	851	889	946	1215	8754	5598	4769	8922	2599	3758	3518	4778	1651	2000	2063	4825	10649	6879	8113	12517	3351	5106	4161	5726	2388	3494	2991	8260
10:58:31	29.1	706	716	841	1058	760	824	840	809	745	804	745	796	3304	2279	1227	2320	1219	1591	2233	1778	856	941	789	1159	8509	5926	5075	9007	2410	3995	3803	4691	1601	3025	1076	4189	10499	7212	8187	12496	2873	4900	4750	5825	2323	4826	1252	6541	1550	1040	877	1093	798	839	787	851	754	787	755	816	3434	2465	1283	2363	1337	1667	1731	2049	844	887	959	1265	8815	5897	4858	8930	2747	4064	3734	5211	1686	2101	2147	5100	10599	7492	8465	13077	3502	5413	4398	6373	2458	3627	3102	8853
11:14:35	29.1	708	724	896	1042	807	850	824	832	721	781	719	791	3353	2444	1237	2273	1272	1612	2332	1823	844	987	795	1135	8498	6074	5140	9131	2462	4231	4010	5000	1630	3177	1127	4473	10651	7528	8293	12508	2974	5235	4950	6148	2420	5128	1323	7454	1556	1047	905	1090	794	859	800	846	735	775	742	834	3431	2562	1271	2352	1368	1771	1784	2088	850	873	936	1298	8862	6033	4980	9259	2876	4407	3976	5532	1738	2169	2166	5450	10872	7692	8470	13162	3731	5691	4727	6887	2601	3781	3230	9388
11:30:38	29.1	714	695	878	1062	780	843	848	807	773	810	713	822	3356	2574	1226	2290	1294	1676	2480	1991	829	978	817	1185	8460	6377	5136	9119	2590	4485	4392	5223	1679	3388	1164	4871	10737	7876	8450	12867	3193	5600	5342	6950	2460	5818	1353	8323	1506	1080	920	1060	808	868	840	874	763	781	765	820	3370	2662	1297	2385	1419	1764	1847	2164	823	934	960	1321	8887	6591	5016	9184	3001	4974	4190	5855	1765	2295	2252	5746	10886	8085	8735	13330	3956	6065	4976	7484	2727	4013	3376	10081
11:46:42	29.1	725	702	873	1025	755	854	857	830	731	824	715	812	3340	2715	1263	2298	1315	1660	2585	1976	830	972	821	1211	8401	7113	5197	9293	2698	4767	4582	5647	1740	3526	1223	5231	10746	8333	8478	12965	3239	6076	5646	7110	2519	6199	1411	8636	1514	1059	912	1100	828	860	846	876	771	797	727	868	3378	2804	1268	2372	1450	1825	1900	2259	865	883	953	1345	9008	7270	5005	9284	3159	5197	4419	6048	1790	2407	2285	6146	10834	9081	8640	13500	4109	6557	5410	8087	2784	4368	3485	10441
12:02:45	29	712	712	869	1044	781	840	882	829	748	808	733	821	3296	2882	1260	2301	1337	1694	2730	2087	840	1028	816	1236	8476	7675	5292	9446	2810	4669	4877	6026	1815	3929	1238	5507	10735	9281	8643	13498	3396	6391	6058	7827	2622	6680	1494	9201	1512	1078	887	1076	813	904	848	902	770	819	767	843	3458	2968	1304	2419	1451	1908	1942	2296	849	901	957	1375	9017	7638	5243	9451	3350	5816	4662	6463	1845	2475	2359	6723	11076	10004	8659	13695	4320	7103	5517	8856	2864	4601	3639	11376
12:18:48	29	721	718	907	1020	780	870	873	834	774	861	737	819	3315	2957	1236	2341	1412	1764	2768	2195	854	1083	868	1256	8452	8180	5228	9651	2986	5159	5188	6181	1832	4011	1252	5776	10869	10094	8598	13559	3597	6454	6326	7957	2741	7162	1557	9809	1549	1139	884	1094	821	888	836	903	774	836	735	860	3299	3115	1237	2402	1506	2047	2110	2500	858	940	969	1433	8973	8330	5094	9656	3524	6039	4939	7245	1912	2744	2463	7152	11065	10638	8736	14109	4461	7764	5976	9525	3027	5010	3831	12302
12:34:52	29.1	715	731	880	1065	782	901	889	878	757	827	761	820	3305	3082	1278	2345	1409	1911	2982	2143	840	1079	843	1335	8631	8735	5380	9817	3223	5812	5847	6456	1902	4366	1333	6252	10996	10758	8779	13902	3894	7302	6806	8372	2811	7766	1618	10384	1544	1125	891	1058	817	934	835	932	775	811	760	884	3463	3205	1284	2429	1580	2117	2145	2587	882	952	965	1488	8961	8809	5189	9790	3815	6608	5290	7829	1941	2943	2517	7505	11216	11231	8959	14215	4842	8451	6366	10218	3167	5553	4031	13014
12:50:55	29.1	723	736	879	1060	776	891	909	897	752	837	753	838	3356	3119	1245	2327	1470	1989	3122	2376	863	1077	831	1348	8703	9066	5403	10011	3455	6282	6106	7251	1900	4622	1342	6672	11116	11347	9013	14148	4139	7938	7364	9245	2899	8369	1672	10981	1535	1133	920	1077	826	939	874	928	785	787	784	871	3363	3253	1297	2421	1623	2246	2234	2759	876	975	978	1523	9176	9338	5296	9890	4012	6969	5700	8429	1984	3155	2560	8028	11341	11895	9315	14641	5117	9020	6893	10641	3286	5731	4120	13740
13:06:59	29.1	715	709	912	1044	820	947	952	905	744	858	746	862	3321	3264	1277	2337	1550	2070	3160	2516	867	1125	850	1390	8554	9610	5447	10113	3541	6775	6214	7815	1952	4942	1404	6959	11079	11941	9088	14505	4333	8556	7746	10102	3008	8773	1773	11993	1535	1179	882	1073	863	912	854	936	802	832	793	845	3454	3465	1322	2427	1671	2332	2257	2885	857	991	991	1532	9258	9720	5425	10125	4220	7467	5933	9036	2104	3258	2660	8296	11322	12515	9382	14814	5530	9683	7122	11750	3356	6190	4319	14142
13:23:02	29.1	704	718	898	1051	800	953	940	921	773	855	723	863	3294	3402	1259	2387	1578	2150	3734	2661	895	1130	846	1420	8686	9900	5431	10399	3851	7210	7325	8596	2025	5192	1459	7332	11154	12546	9266	14629	4526	9128	8093	11041	3151	9468	1852	12546	1520	1167	909	1093	815	950	851	950	781	829	753	902	3439	3526	1297	2432	1755	2427	2362	3020	883	1017	980	1553	9203	10179	5564	10266	4355	7872	6283	9581	2119	3503	2784	8514	11422	13078	9435	15030	5834	10068	7724	12670	3533	6762	4448	14898
13:39:06	29.1	712	718	870	1050	837	950	962	945	754	856	741	878	3380	3436	1267	2403	1634	2232	3936	2810	880	1138	869	1441	8760	10422	5613	10586	4001	7715	8392	9358	2086	5584	1542	7798	11440	13271	9457	15232	4900	9935	9500	11726	3273	10214	1956	13139	1571	1160	891	1085	842	957	853	958	798	854	782	888	3475	3670	1337	2507	1767	2482	2517	3154	890	1048	1012	1584	9536	10714	5669	10576	4683	8462	6620	10359	2174	3885	2880	8651	11705	13933	9845	15383	6082	10753	8255	13809	3679	7337	4690	15163
13:55:09	29.1	697	707	885	1103	819	962	978	961	759	866	761	876	3404	3466	1314	2347	1693	2371	4258	2928	869	1160	873	1466	8891	10628	5674	10739	4250	8075	8723	9614	2070	5953	1581	8085	11533	13527	9643	15504	5079	10605	10667	12695	3398	10747	2090	14032	1518	1176	878	1117	859	978	888	986	767	851	748	925	3497	3683	1329	2478	1861	2634	2558	3232	925	1086	1001	1615	9521	10995	5714	10666	4926	9174	6956	10985	2257	4044	2882	8832	11673	14006	10079	15697	6581	11796	8806	14590	3831	7929	4838	15310
14:11:12	29.1	720	722	866	1080	813	978	1004	963	764	875	739	880	3441	3515	1242	2380	1720	2400	4181	3028	910	1178	890	1464	9042	10792	5910	10797	4470	8237	9189	9985	2143	6089	1659	8095	11642	13782	9846	15846	5353	11138	11427	13010	3524	11291	2191	14240	1578	1174	902	1116	878	986	874	988	797	856	774	904	3570	3737	1336	2462	1859	2658	2679	3390	909	1102	1015	1603	9621	10950	5836	11035	5089	9525	7516	11465	2297	4472	2987	8616	12035	14041	10262	16116	6954	12220	9206	15231	3917	8603	4976	15294
14:27:16	29.1	700	703	869	1071	828	975	1058	963	787	860	746	873	3500	3503	1292	2472	1783	2464	4576	3185	900	1184	873	1531	9206	10714	5936	11184	4731	8668	10431	10773	2209	6097	1715	8272	11910	13793	10087	16260	5772	11398	12423	13869	3602	11479	2318	14449	1578	1158	933	1099	887	997	874	983	808	860	772	913	3553	3678	1320	2511	1921	2733	2875	3497	894	1131	1042	1634	9800	11034	6068	11212	5298	9844	8085	12206	2365	4769	3149	8887	12001	14437	10505	16418	7362	12665	9890	16374	4087	9145	5250	15453
14:43:19	29.1	688	727	902	1033	830	992	1050	985	761	870	749	876	3500	3499	1275	2391	1818	2503	4736	3273	892	1188	887	1471	9404	10751	6156	11266	4970	9038	10961	11118	2266	6195	1718	8359	12053	13764	10389	16567	6043	11997	13161	15036	3744	11720	2432	14584	1588	1196	912	1083	876	1000	926	1011	790	857	769	923	3588	3658	1309	2490	2094	2739	3057	3633	897	1147	1013	1605	9983	11005	6163	11502	5779	9867	8711	12683	2446	5052	3190	8964	12283	14378	10743	16850	7793	12578	10717	17120	4248	9910	5350	15637
14:59:23	29.1	704	713	901	1064	858	953	1105	1001	787	879	743	851	3506	3535	1284	2429	1882	2607	4921	3421	893	1210	876	1501	9331	10714	6316	11482	5169	9303	11632	11922	2386	6252	1802	8295	12228	13858	10635	16754	6449	12258	13924	15696	3910	11573	2507	14771	1553	1218	916	1095	901	993	915	1042	819	857	764	871	3657	3696	1335	2509	2180	2659	3152	3694	900	1193	1035	1619	10112	10889	6239	11687	6435	9844	9333	12857	2526	5392	3307	8871	12492	14531	10814	17053	8325	12631	11224	17528	4401	10466	5592	15894
15:15:26	29.1	734	700	876	1064	864	994	1109	1013	793	871	728	872	3562	3516	1268	2476	2005	2509	5111	3421	918	1192	883	1493	9601	10690	6301	11585	5716	9163	12088	12204	2431	6204	1809	8355	12391	13975	10893	16946	6558	12348	14496	16148	4043	11821	2623	15042	1544	1163	919	1101	919	1015	941	1041	762	906	751	894	3687	3661	1313	2525	2246	2693	3288	3684	896	1190	1012	1619	10287	10962	6313	11894	6823	9669	9786	12878	2530	5642	3347	8994	12831	14649	11199	17438	8853	12684	12059	17399	4606	11202	5836	15790
15:31:29	29.1	719	720	883	1111	874	1014	1113	988	790	869	746	883	3580	3504	1268	2467	2056	2552	5187	3422	908	1219	896	1506	9576	10799	6384	11772	6100	9275	12755	12275	2435	6300	1892	8401	12744	14048	10946	17424	7214	12138	15248	16396	4199	11733	2714	15047	1606	1182	900	1099	942	1021	946	1038	802	887	756	898	3694	3636	1353	2567	2330	2707	3384	3682	910	1194	1055	1638	10502	11049	6455	12045	7208	9726	10297	12792	2654	5892	3570	8959	12924	14706	11485	17709	9385	12673	12776	17290	4833	11492	6015	15948
15:47:33	29.1	701	712	900	1084	901	1011	1149	998	776	877	769	883	3641	3525	1305	2468	2212	2584	5360	3417	920	1222	915	1510	9833	10964	6408	11934	6589	9104	12897	12327	2550	6257	1933	8453	12879	14095	11260	17726	7798	12336	15853	16416	4369	11946	2797	15003	1595	1144	912	1088	927	1033	933	1046	791	889	780	891	3788	3589	1363	2556	2463	2707	3511	3681	939	1227	1055	1651	10699	11021	6594	12354	7601	9922	11110	12782	2790	6154	3680	9061	13382	14682	11694	18355	10038	12803	13508	17323	5070	11689	6438	16100
16:03:36	29.1	690	738	892	1076	866	1000	1160	1016	810	892	734	875	3641	3525	1291	2450	2315	2547	5271	3459	928	1225	884	1495	10012	10890	6607	12182	6927	9260	12795	12246	2546	6299	2010	8445	13337	13986	11540	18206	8321	12326	16069	16354	4478	11949	2904	15196	1601	1156	939	1125	935	1030	946	1056	797	900	790	901	3807	3638	1379	2584	2482	2761	3715	3706	942	1205	1094	1619	10985	10982	6820	12533	8117	9735	11458	12808	2890	6153	3898	9254	13565	14647	11978	18754	10700	12857	14109	17247	5255	12076	6556	16270
16:19:40	29.1	674	708	904	1092	908	1023	1155	1036	767	867	761	893	3634	3449	1309	2464	2427	2549	5368	3427	930	1178	886	1496	10197	10815	6674	12406	7281	9158	12781	12212	2568	6368	2008	8536	13334	14019	11855	18424	8913	12221	16170	16416	4636	12034	3038	15278	1627	1181	914	1104	951	1021	948	1050	807	887	785	907	3765	3644	1338	2635	2645	2698	3832	3654	940	1263	1085	1625	11202	10952	6835	12725	8546	9771	12050	12987	2982	6144	3964	9271	13670	14669	12262	18810	11414	13061	14969	17331	5439	12007	6924	16397
16:35:43	29.1	732	698	899	1075	911	1018	1172	1032	762	876	744	900	3675	3423	1344	2512	2454	2552	5247	3481	943	1178	886	1502	10394	10810	6748	12409	7766	9191	12989	12189	2831	6379	2104	8614	13671	14084	11899	18453	9469	12167	16420	16420	4833	11958	3088	15275	1627	1154	919	1134	954	1002	980	1049	808	900	775	907	3822	3610	1338	2611	2688	2711	3753	3711	925	1215	1117	1626	11314	11049	6951	12824	8909	9717	12310	12853	3089	6274	4114	9193	14022	14525	12404	19195	11932	12893	15439	17499	5750	12262	7198	16186
16:51:47	29.1	713	691	905	1084	929	1010	1195	1027	776	866	732	870	3797	3532	1300	2519	2541	2561	5259	3380	944	1198	890	1533	10512	10876	6956	12691	8146	9235	13071	12131	2837	6452	2164	8757	13953	14228	12093	19020	10058	12216	16423	16218	5140	12053	3242	15548	1640	1177	933	1113	971	1013	992	1061	802	875	793	924	3892	3567	1370	2617	2760	2745	3853	3661	946	1251	1107	1652	11403	10970	7142	13058	9293	9866	12428	13011	3192	6299	4336	9214	14357	14845	12459	19373	12380	13160	15627	17573	5943	12339	7597	16668
17:07:50	29.1	700	713	905	1078	915	1026	1173	1033	818	892	761	876	3791	3446	1337	2504	2631	2567	5274	3429	949	1199	902	1516	10840	10909	7031	12878	8480	9262	13100	12300	2972	6504	2184	8869	14246	14285	12303	19263	10566	12501	16179	16298	5305	12258	3274	15867	1640	1170	921	1155	982	1011	996	1052	802	924	785	918	3897	3665	1384	2637	2824	2716	3866	3751	986	1253	1115	1618	11683	11111	7261	13168	9448	9821	12272	13028	3237	6282	4494	9490	14671	15074	12738	19729	12716	13235	15732	17737	6284	12419	7855	16626
17:23:54	29.1	698	683	906	1086	926	1006	1211	1006	807	902	767	894	3807	3392	1327	2571	2643	2548	5325	3377	930	1209	907	1519	10977	10930	7128	13242	8908	9241	12896	12511	3095	6500	2250	8884	14453	14531	12818	19837	11163	12545	16394	16733	5575	12582	3490	15986	1623	1162	931	1151	958	1040	980	1027	819	918	806	900	3976	3589	1369	2598	2819	2721	3873	3730	969	1258	1182	1665	12067	11259	7365	13331	9577	9902	12528	12998	3440	6399	4735	9561	15102	15022	12883	19664	12749	12996	15682	17765	6675	12599	8547	17220
17:39:57	29.1	716	707	919	1126	951	1007	1175	1047	785	881	729	872	3791	3422	1326	2546	2752	2560	5339	3339	963	1232	919	1550	11349	11125	7219	13212	8971	9202	13058	12235	3182	6500	2279	8910	14914	14433	12903	19868	11235	12578	16131	16427	5836	12648	3585	16077	1637	1130	917	1177	988	1034	994	1051	801	916	813	922	4021	3583	1367	2621	2820	2697	3914	3710	979	1267	1203	1642	12190	11271	7414	13649	9601	9920	12366	13046	3581	6489	4902	9667	15332	15201	13092	20024	12717	13182	15906	17997	6921	12477	8902	17581
17:56:00	29.1	697	717	931	1094	931	983	1237	1010	809	869	749	927	3963	3447	1329	2558	2734	2558	5176	3431	974	1195	942	1560	11460	10896	7397	13598	9010	9257	13068	12456	3243	6596	2330	9099	15149	14483	13404	20285	11376	12667	15886	16477	6027	12755	3713	16245	1637	1141	955	1181	987	1031	1021	1050	857	942	809	907	4044	3592	1394	2644	2832	2702	3870	3616	1006	1204	1173	1634	12382	11368	7604	13738	9459	9943	12441	12965	3713	6562	5157	9835	15665	15126	13143	20097	12728	13162	15950	18081	7329	12575	9249	17478
18:12:04	29.1	693	730	906	1082	954	1014	1206	1013	807	905	748	875	3932	3442	1354	2616	2745	2592	5178	3396	986	1201	945	1541	11539	10913	7479	13488	9151	9192	13059	12261	3334	6596	2409	9265	15407	14952	13490	20547	11551	12576	15717	16484	6199	12866	3723	16585	1617	1142	915	1161	1018	1037	999	1041	841	902	817	919	4077	3644	1361	2595	2831	2718	3896	3611	1045	1279	1221	1680	12629	11291	7585	13851	9462	9956	12671	13003	3916	6514	5363	9857	15880	15448	13309	20441	12764	13045	15940	18199	7665	12605	9556	17805
18:28:07	29.1	696	700	896	1127	936	1007	1192	1017	793	910	789	906	4018	3442	1339	2634	2795	2557	5247	3424	1021	1240	936	1531	11925	11196	7587	13696	9182	9054	13210	12273	3546	6688	2430	9407	15906	14801	13668	20837	11523	12591	16326	16721	6614	13013	3893	16841	1653	1173	949	1149	991	1039	975	1037	834	913	810	907	4129	3604	1416	2646	2852	2676	3880	3642	1055	1264	1245	1688	13002	11426	7680	13894	9548	10059	12332	12958	3983	6553	5574	10135	16454	15411	13448	20645	12767	13301	16003	18218	8016	12754	9952	18327
18:44:10	29.1	690	698	918	1067	966	996	1200	1000	808	890	771	885	4002	3361	1319	2469	2744	2442	5000	3166	1010	1188	931	1405	11838	11030	7171	12887	9095	8563	13088	11495	3622	6039	2486	7718	15787	15036	12942	19464	11393	11789	15647	15035	6660	10932	3952	13517	1684	1165	937	1135	989	1032	987	1024	847	919	845	878	4105	3534	1359	2532	2848	2576	3735	3469	1031	1198	1259	1483	12899	11238	7296	13511	9488	9161	12269	12050	4044	5950	5587	8247	16393	15257	12735	19829	12218	11925	15396	16372	8059	10981	10062	14444
19:00:14	29.1	689	729	910	1095	940	1004	1206	1036	809	891	753	897	4146	3471	1363	2649	2807	2546	5187	3418	1026	1239	951	1535	12241	11374	7684	14233	9161	9320	13427	12306	3845	6836	2599	9527	16461	15274	14056	21729	11433	12679	16157	16820	7158	13397	4135	17102	1654	1177	918	1131	991	1039	983	1064	838	929	808	907	4202	3611	1417	2618	2842	2647	3842	3644	1037	1254	1315	1696	13689	11629	7768	14243	9494	9907	12471	12967	4284	6556	5925	10280	16978	15809	13695	21061	12885	13065	16004	17655	8754	12976	10831	19040
19:16:17	29.1	730	709	928	1105	975	1026	1238	1022	812	905	779	906	4154	3424	1363	2596	2829	2579	5246	3357	1051	1201	967	1583	12380	11492	7898	14210	9166	9453	13479	12598	3983	6945	2680	9761	16864	15380	14341	21649	11708	12749	16586	17022	7288	13812	4409	17730	1703	1177	941	1180	995	1008	976	1055	855	914	838	923	4247	3696	1422	2657	2898	2677	3772	3736	1064	1251	1314	1735	13953	11860	7745	14355	9557	10069	12455	13201	4492	6768	6118	10495	17587	16267	13608	21164	12871	13142	16057	17754	9129	13218	11224	19172
19:32:21	29.1	695	705	919	1124	977	1025	1206	1022	830	896	752	895	4191	3466	1395	2613	2801	2536	5312	3426	1020	1241	948	1566	12817	11375	8044	14441	9140	9400	13710	12653	4142	6945	2770	9872	17000	15589	14493	21993	11649	12916	16665	16808	7663	13700	4494	17790	1731	1178	942	1178	990	1027	997	1021	859	905	825	952	4373	3714	1418	2635	2844	2700	3815	3719	1109	1271	1344	1717	14320	11737	7813	14241	9396	9805	12627	13422	4586	6734	6383	10505	17847	16229	13838	21140	13090	13415	16059	18003	9401	13271	11723	19447
19:48:25	29.1	709	717	907	1123	999	1019	1202	1000	813	884	752	896	4252	3467	1367	2706	2757	2588	5343	3406	1077	1214	970	1559	12916	11655	8205	14441	9181	9519	13688	12697	4248	6970	2819	9818	17577	15994	14544	22130	11818	13145	16646	17067	8027	13572	4625	17734	1731	1166	963	1160	978	1022	983	1050	858	938	857	918	4429	3684	1436	2658	2888	2657	3803	3693	1096	1258	1349	1698	14303	11947	7868	14408	9648	9859	12691	13459	4830	6872	6691	10469	18093	16663	13862	21121	13172	13312	16115	17825	9564	13395	12350	19032
20:04:28	29.1	696	704	938	1102	969	1001	1213	990	842	909	773	919	4249	3442	1397	2680	2787	2569	5372	3380	1085	1241	956	1583	13216	11703	8137	14395	8985	9340	13747	12470	4374	7065	2862	9902	17679	16098	14661	22092	11522	13036	17174	16806	8185	14022	4734	17821	1704	1181	953	1125	962	1039	986	1062	851	945	856	931	4442	3694	1400	2610	2837	2672	3861	3653	1134	1262	1392	1698	14622	12201	7903	14185	9466	9815	12376	13162	4944	6829	7069	10672	18333	16732	13817	21485	13191	13340	16172	18137	9999	13718	12901	19328
20:20:31	29.1	710	704	962	1123	959	1002	1212	1031	871	903	763	893	4349	3492	1368	2611	2732	2518	5284	3436	1093	1237	986	1569	13325	11828	8191	14729	9091	9374	14062	12635	4579	7139	3012	9926	17941	16456	14752	22320	11711	13063	16894	16962	8634	14270	5042	18265	1682	1185	959	1148	964	1035	988	1052	877	928	848	953	4475	3743	1418	2682	2841	2714	3835	3608	1176	1295	1411	1715	15083	12196	8030	14350	9507	10000	12493	13213	5310	6987	7229	10809	18847	17040	13848	21614	13222	13353	16141	17974	10627	13609	13294	19453
20:36:35	29.1	701	706	946	1134	960	1027	1237	1003	846	905	770	917	4345	3492	1399	2664	2747	2604	5390	3472	1109	1290	999	1578	13716	12018	8330	14801	9183	9546	14140	12868	4751	7235	3079	10325	18656	16535	14941	22672	11872	13250	17220	17639	9024	14695	5122	18898	1715	1194	947	1155	954	1027	1007	1034	886	936	863	906	4566	3767	1374	2647	2894	2722	3850	3728	1164	1288	1455	1709	15284	12421	8007	14481	9494	10051	12566	13467	5484	7169	7554	10760	19067	17460	14217	21677	13347	13394	16221	18160	10805	14118	13531	19697
20:52:38	29.1	716	703	934	1117	989	1026	1222	1018	857	903	773	903	4382	3568	1448	2699	2721	2615	5376	3472	1121	1261	987	1599	13834	12352	8425	14939	9087	9603	14439	12819	4970	7247	3117	10472	18889	16825	15322	22758	11777	13429	17475	17601	9331	14808	5269	19061	1734	1220	949	1176	972	1042	990	1056	903	938	841	928	4605	3794	1417	2630	2941	2714	3923	3700	1167	1312	1477	1715	15557	12689	7859	14529	9592	10172	12610	13505	5746	7253	7870	10840	19481	17416	14230	21923	13509	13564	16283	18422	11273	14508	13958	19836
21:08:42	29.1	691	715	928	1167	973	1033	1225	1005	838	902	774	901	4448	3522	1410	2643	2770	2628	5453	3423	1165	1246	1010	1590	14243	12250	8400	14691	9113	9531	14504	12945	5198	7327	3289	10572	19234	17009	15274	22904	11802	13420	17244	17316	9822	14944	5440	19101	1740	1223	983	1165	994	1050	1012	1064	883	938	866	918	4654	3840	1399	2635	2954	2730	3922	3769	1179	1290	1481	1688	15855	12863	7872	14671	9740	10108	12631	13594	5860	7326	8008	10899	19907	17735	14195	22259	13826	13487	16245	18531	11426	14676	14378	19598
21:24:45	29.1	720	725	951	1154	981	1046	1213	1042	861	913	781	909	4508	3577	1417	2685	2791	2597	5466	3434	1165	1264	1013	1593	14135	12264	8560	15105	8937	9518	13688	12790	5330	7412	3532	10584	19317	17398	15327	23315	11671	13522	17545	17329	10084	14917	5665	19152	1732	1220	966	1166	968	1008	994	1073	905	925	859	940	4675	3785	1398	2612	2995	2706	3953	3723	1194	1307	1511	1698	16237	12715	8004	14377	9659	10066	12742	13715	5867	7266	8001	10917	20370	17849	14305	22042	13898	13311	16354	18324	11776	14494	14476	19456
21:40:49	29.1	708	717	978	1144	982	994	1228	1029	877	934	805	928	4562	3523	1429	2683	2775	2573	5407	3459	1169	1245	1050	1582	14539	12422	8646	15209	9029	9584	13786	12927	5499	7572	3696	10705	20020	17394	15322	23289	11815	13438	17717	17502	10358	14933	6047	19428	1746	1220	974	1196	1022	1049	1018	1059	900	953	874	918	4774	3817	1373	2635	3010	2789	3990	3785	1209	1319	1491	1650	16438	12970	7991	14437	9700	10059	12762	13720	5972	7413	8127	10867	20879	17967	14169	22236	14200	13473	16464	18309	11778	14744	14649	19409
21:56:52	29.1	697	707	961	1144	979	1054	1219	1014	854	898	798	906	4599	3578	1418	2672	2809	2616	5531	3470	1197	1229	1055	1607	14680	12731	8679	15294	9138	9723	14029	13038	5741	7620	3695	10716	20445	17771	15620	23541	11782	13591	17859	17654	10737	15527	6292	19566	1773	1231	946	1172	980	1060	1005	1061	919	917	889	919	4760	3839	1418	2626	3049	2719	4073	3731	1199	1283	1523	1682	16690	13201	8012	14325	9926	10210	12907	14003	6228	7547	8496	11053	21207	18653	14279	22334	14541	13549	16612	18588	12217	15034	14958	19880
22:12:55	29.1	683	712	943	1156	991	1023	1217	1030	891	928	801	914	4646	3651	1425	2717	2862	2616	5657	3481	1210	1278	1094	1639	15154	12875	8755	15389	9306	9851	14103	13047	5770	7668	3802	10985	20764	17964	15576	23511	11816	13787	18504	17797	10981	15570	6461	19750	1764	1183	982	1186	1018	1067	1000	1052	905	933	891	916	4872	3856	1395	2602	3121	2738	4119	3806	1215	1323	1528	1648	17068	13440	8000	14132	9925	10222	13090	13898	6274	7546	8604	11009	21483	18596	14127	22337	14716	13713	16551	18652	12445	15009	15310	19806
22:28:59	29.1	701	712	936	1149	988	1017	1229	1028	872	909	797	918	4703	3662	1395	2689	2914	2644	5535	3471	1212	1278	1071	1637	15340	13157	8630	15543	9243	9873	14235	13152	5950	7665	3881	10871	20981	18272	15616	23660	11920	13887	18405	17602	11142	15373	6718	19602	1751	1236	967	1156	996	1043	1004	1068	874	936	883	938	4875	3928	1406	2637	3146	2753	4124	3750	1249	1276	1554	1703	17317	13590	7952	14156	9991	10368	13175	13829	6354	7530	8633	10836	21697	18940	14171	22208	14995	13706	16617	18632	12618	15157	15488	19847
22:45:02	29.1	683	714	953	1147	1016	1030	1225	1053	889	900	809	916	4741	3588	1417	2690	2906	2661	5532	3416	1204	1291	1105	1610	15546	13236	8613	15515	9369	10086	14535	13326	6103	7745	4146	11082	21467	18557	15689	23491	12003	14182	18591	18056	11442	15710	6956	20006	1781	1237	966	1180	961	1026	1001	1073	886	943	866	937	4931	3981	1410	2609	3126	2791	4167	3779	1222	1291	1570	1623	17532	13673	8018	14049	10082	10449	13408	13744	6558	7549	8824	10776	22007	19341	14231	22406	15214	13619	16703	19018	12932	15061	15778	19646
23:01:06	29.1	705	719	969	1169	963	1054	1241	1034	903	902	797	935	4793	3632	1449	2688	2929	2697	5744	3535	1206	1296	1105	1645	15701	13362	8593	15674	9541	10023	14613	13408	6180	7697	4243	11178	21677	18632	15760	23938	12210	14231	18919	18180	11788	15641	7153	19909	1761	1235	986	1175	979	1075	1035	1098	912	937	900	942	5001	4047	1399	2608	3228	2758	4255	3804	1251	1279	1565	1645	17886	13793	7886	14069	10246	10396	13420	13968	6509	7589	8944	10833	22399	19326	14427	22226	15463	13958	16944	18925	13009	15038	16231	19351
23:17:09	29.1	700	717	984	1153	993	1052	1213	995	888	934	800	928	4906	3725	1435	2751	2903	2674	5639	3567	1232	1264	1164	1644	15968	13460	8625	15572	9533	10233	14770	13454	6282	7757	4509	11152	22278	19013	15876	24136	12252	14420	19197	18159	12066	15813	7500	20326	1798	1248	975	1178	976	1034	1021	1079	911	931	874	949	5065	4099	1417	2586	3202	2806	4229	3815	1232	1309	1574	1635	18353	14210	7919	14027	10222	10442	13455	14157	6782	7497	9079	10812	22762	19559	14238	22104	15781	13839	17287	18876	13486	15085	16264	19626
23:33:12	29.1	699	732	953	1186	1012	1013	1231	1070	848	916	809	947	5009	3689	1411	2709	3020	2664	5811	3587	1243	1240	1149	1615	16356	13734	8633	15662	9744	10372	14838	13562	6382	7922	4673	11472	22587	19157	15818	24194	12388	14469	19439	18162	12120	15888	7829	20300	1806	1247	984	1173	1001	1049	1018	1071	915	914	893	932	5060	4109	1422	2602	3241	2766	4306	3860	1252	1274	1591	1654	18419	14255	7816	14024	10381	10616	13695	13950	6888	7531	9227	10801	23153	19648	14042	22448	16153	13946	17187	18998	13739	15077	16618	19602
23:49:16	29.1	689	695	983	1171	983	1045	1257	1032	888	924	810	932	5082	3741	1454	2666	2982	2641	5852	3588	1245	1279	1169	1632	16572	13801	8612	15900	9811	10307	14813	13543	6514	7942	4757	11606	22741	19500	16025	24506	12515	14629	19743	18356	12415	16337	8217	20518	1775	1235	975	1188	1003	1068	1006	1067	886	922	878	958	5090	4092	1360	2588	3339	2813	4356	3844	1301	1295	1643	1680	18762	14493	7947	14064	10494	10846	14018	14348	7089	7726	9602	11059	23777	20217	14096	22580	16386	14134	17465	19417	14047	15330	17023	19902
24:05:19	29.1	710	706	973	1162	977	1027	1214	1045	886	913	797	926	5138	3801	1423	2693	2991	2683	5710	3607	1258	1258	1165	1636	16818	14064	8696	15902	10033	10310	15015	13545	6547	8006	5041	11503	23151	19707	16039	24424	12589	14909	19958	18384	12569	16266	8613	20444	1835	1245	992	1206	1027	1059	1017	1095	930	945	906	929	5148	4031	1392	2611	3374	2870	4375	3945	1304	1303	1651	1692	18908	14790	7791	14103	10692	10855	14081	14160	7171	7604	9597	11058	23867	20320	14226	22422	16919	14247	17725	19342	14277	15158	17390	19859
