Time	T° mCherry:588,620	A1	A2	A3	A4	A5	A6	A7	A8	A9	A10	A11	A12	B1	B2	B3	B4	B5	B6	B7	B8	B9	B10	B11	B12	C1	C2	C3	C4	C5	C6	C7	C8	C9	C10	C11	C12	D1	D2	D3	D4	D5	D6	D7	D8	D9	D10	D11	D12	E1	E2	E3	E4	E5	E6	E7	E8	E9	E10	E11	E12	F1	F2	F3	F4	F5	F6	F7	F8	F9	F10	F11	F12	G1	G2	G3	G4	G5	G6	G7	G8	G9	G10	G11	G12	H1	H2	H3	H4	H5	H6	H7	H8	H9	H10	H11	H12
0:00:11	29	255	262	277	302	305	236	312	244	241	288	275	362	314	265	294	295	269	263	272	265	256	264	245	288	300	252	270	301	258	265	286	299	288	229	256	287	299	310	266	332	270	256	283	273	282	294	264	282	280	271	281	292	272	250	282	264	278	260	287	232	288	270	259	293	259	306	288	307	242	262	270	268	290	281	263	307	270	257	261	284	283	249	231	271	250	258	304	281	279	242	253	289	272	309	270	232
0:16:15	29	270	241	274	313	262	263	292	285	243	253	312	334	300	268	303	311	274	238	249	238	286	251	266	263	279	264	291	282	281	273	242	260	259	296	267	249	309	262	289	279	264	251	265	255	272	255	228	282	336	252	271	306	286	295	284	287	246	258	257	266	330	265	290	286	230	259	256	289	278	278	278	253	289	298	289	295	257	264	216	246	261	304	246	285	288	307	277	290	259	287	268	283	247	237	247	251
0:32:18	29	250	253	232	306	270	304	261	276	237	251	308	288	287	274	269	315	265	302	290	276	271	244	247	270	335	286	291	344	300	264	274	268	299	258	245	255	284	296	269	287	267	248	262	209	275	263	249	263	298	244	271	326	256	273	312	241	295	282	252	259	307	266	258	311	283	240	257	324	293	271	273	277	252	257	264	295	246	277	278	271	302	281	261	293	267	229	262	316	231	283	274	266	247	275	263	253
0:48:22	29.1	240	238	267	303	231	285	268	269	285	237	319	297	271	256	303	309	269	286	249	247	246	243	241	284	326	249	256	341	281	251	276	289	325	293	248	272	291	234	274	311	279	273	281	280	309	299	285	272	296	284	276	331	283	254	259	255	276	257	279	281	294	263	278	284	275	282	245	293	252	257	244	279	251	252	271	324	237	292	270	252	266	277	261	288	262	266	253	327	259	275	298	256	219	257	265	244
1:04:25	29.1	256	280	258	332	263	274	294	203	269	245	339	308	292	260	261	307	260	292	298	277	253	293	249	252	287	243	311	329	282	277	261	303	268	260	235	199	310	224	248	348	278	270	269	299	271	246	289	277	311	233	284	279	296	273	265	252	256	246	271	262	317	272	250	307	266	271	279	255	231	250	266	292	321	265	294	315	248	248	260	280	279	272	263	279	267	244	262	350	255	234	256	269	261	272	233	256
1:20:29	29.1	274	275	271	328	241	237	241	223	246	262	321	365	321	255	262	340	250	239	301	276	291	297	248	282	329	252	314	341	250	287	252	273	224	231	261	261	349	294	271	357	263	288	297	279	276	279	281	281	265	273	279	344	266	253	280	276	244	260	294	297	314	304	251	362	261	278	291	306	259	227	237	234	250	295	292	319	292	252	263	266	258	259	293	277	313	260	252	355	250	244	271	269	239	244	266	303
1:36:32	29.1	255	290	240	343	250	273	276	253	292	273	293	341	259	281	284	301	287	265	258	265	253	236	260	266	309	274	249	383	291	277	286	292	266	318	230	262	331	270	278	352	276	279	290	261	273	286	300	240	254	236	341	346	249	255	265	271	280	285	273	284	287	264	293	342	233	300	293	286	282	300	268	260	277	271	279	296	243	265	288	262	245	259	291	279	287	306	270	342	245	262	296	259	260	287	260	281
1:52:36	29.1	248	269	285	316	276	271	241	313	293	241	303	335	335	269	281	338	254	261	261	277	286	290	262	270	345	225	241	403	238	260	283	272	263	306	294	265	287	278	277	334	258	243	206	290	297	283	284	272	280	247	273	351	265	269	287	253	305	279	268	263	281	279	271	332	256	228	305	286	256	252	257	274	315	276	320	355	259	259	305	260	284	252	273	255	266	274	272	358	242	227	265	250	290	231	265	263
2:08:39	29.1	272	267	238	335	250	277	244	282	233	277	345	336	310	265	283	368	290	271	274	278	245	245	276	263	312	265	275	395	248	268	299	291	214	308	251	241	323	243	280	339	248	245	303	311	277	310	307	244	361	252	277	338	258	264	272	246	287	272	277	255	318	284	248	331	263	293	260	297	271	256	296	266	275	257	256	334	271	293	250	273	309	274	252	239	291	292	287	326	244	273	267	268	263	280	234	301
2:24:42	29.1	251	264	274	366	262	276	257	226	299	255	283	365	296	268	284	358	281	274	282	257	246	327	248	269	288	277	268	339	239	286	235	257	259	281	278	297	328	234	294	343	296	292	295	263	263	268	258	285	302	271	305	391	271	277	282	262	249	281	268	281	289	251	274	344	273	244	286	285	268	266	283	246	299	277	263	385	258	256	303	264	257	242	265	226	298	246	288	379	242	241	239	294	241	226	253	264
2:40:46	29.1	280	251	292	346	284	261	294	261	278	274	312	310	320	246	269	320	244	267	276	279	286	290	288	274	317	293	297	353	280	272	273	271	291	259	289	244	325	263	291	350	289	249	251	248	276	282	268	290	333	298	286	383	311	269	306	277	254	272	254	272	270	279	299	375	294	297	253	256	260	279	285	286	299	281	294	370	266	298	252	260	275	248	256	267	325	256	265	354	276	322	275	239	264	235	249	292
2:56:49	29.1	295	233	293	354	261	289	291	276	251	257	312	319	320	298	291	345	251	264	327	284	270	267	265	239	306	278	286	377	294	258	305	291	275	310	242	240	325	256	309	335	250	257	281	274	277	265	212	243	310	256	273	376	285	282	261	260	274	251	248	274	316	296	258	322	263	255	272	284	258	254	267	282	312	265	287	355	254	256	283	266	270	267	303	314	306	315	271	368	284	251	264	281	264	253	263	248
3:12:52	29.1	267	251	291	404	258	307	264	258	261	277	289	334	332	278	312	358	250	257	335	263	256	275	261	271	307	265	293	380	285	294	280	285	270	236	316	245	308	264	257	345	250	260	283	262	306	273	273	283	326	256	302	393	288	281	293	265	256	270	242	267	329	294	326	367	246	274	238	260	295	282	265	262	338	266	308	353	255	293	262	244	258	271	285	269	318	271	273	358	218	276	274	260	266	302	239	306
3:28:56	29.1	248	279	296	402	245	237	295	241	250	237	322	344	347	273	292	359	239	279	247	258	325	287	259	233	334	314	279	370	302	254	283	274	303	318	252	289	318	252	322	376	244	261	286	299	304	282	280	273	299	269	279	341	265	275	260	255	217	230	283	292	326	288	283	364	293	261	264	262	258	306	257	239	306	256	293	378	279	302	279	240	257	260	285	267	341	275	289	353	275	264	256	271	292	271	266	261
3:44:59	29.1	235	256	286	373	291	256	286	251	269	233	342	376	315	291	292	390	248	252	256	267	284	277	288	279	311	253	262	394	306	268	258	278	261	257	236	274	343	300	309	410	264	288	253	248	283	275	296	259	339	283	305	378	293	257	268	254	237	292	258	247	295	275	308	384	264	269	301	294	294	319	250	272	312	264	286	331	290	281	282	287	266	266	299	284	362	279	295	363	264	241	256	263	263	239	247	311
4:01:03	29.1	233	243	337	404	250	271	241	290	262	263	315	338	376	234	271	363	274	267	255	277	267	273	253	287	329	271	346	404	247	256	276	284	298	257	266	258	336	271	336	418	276	288	287	279	309	278	279	263	315	275	296	356	284	262	290	269	269	238	249	284	355	265	289	418	286	270	251	285	300	295	274	276	334	307	274	365	259	245	317	237	271	269	297	291	317	295	325	390	288	297	290	237	269	212	267	272
4:17:06	29.1	250	238	323	377	233	243	264	259	238	273	324	337	330	282	292	452	300	285	260	258	282	281	259	239	321	243	283	446	304	284	277	274	263	279	271	242	332	254	298	372	299	281	303	287	250	305	250	298	335	299	335	416	272	268	283	263	265	277	253	294	330	243	327	401	266	301	330	294	244	267	252	290	331	314	316	416	259	273	277	294	291	303	276	282	334	315	294	433	247	267	272	261	274	303	260	279
4:33:10	29.1	275	256	298	448	299	280	260	273	242	241	310	308	339	254	322	375	278	246	254	253	284	301	265	246	311	324	293	455	285	284	267	263	254	288	271	302	335	266	326	430	270	263	256	266	253	250	259	269	355	287	315	397	277	251	276	249	307	251	290	285	357	265	272	358	263	297	273	302	278	285	272	270	345	269	316	379	252	251	279	287	315	281	263	275	306	269	262	401	273	292	257	260	292	247	282	313
4:49:13	29.1	254	249	295	381	275	287	250	263	266	229	323	306	333	300	315	404	255	242	298	296	253	247	226	284	326	295	353	478	247	288	256	283	273	316	275	243	366	299	322	406	267	303	278	277	257	297	272	273	356	281	265	417	228	255	277	271	251	271	249	312	312	243	308	410	260	266	307	322	275	294	239	262	326	273	292	388	228	260	263	249	278	244	267	342	327	271	275	427	246	292	267	261	278	256	287	290
5:05:16	29.1	266	294	261	408	269	253	297	248	258	286	324	322	330	238	276	385	267	305	256	284	266	254	271	303	375	263	298	437	245	280	291	280	271	287	245	298	391	273	317	391	279	316	293	286	250	281	273	289	330	262	298	405	292	252	245	308	279	244	272	298	317	284	303	406	257	292	307	283	273	278	306	300	383	259	280	400	284	281	279	311	293	275	245	323	352	259	283	458	302	290	263	239	254	270	285	295
5:21:20	29.1	237	255	247	417	241	235	262	278	287	293	313	324	397	304	332	410	314	279	286	298	311	294	266	265	343	273	313	477	292	278	274	285	253	299	295	263	337	287	319	394	267	282	296	285	257	259	276	325	361	284	292	390	279	272	266	302	259	263	316	293	307	290	322	459	288	324	247	285	298	297	327	286	359	295	332	415	301	313	255	290	239	264	282	278	328	274	339	445	271	273	316	304	282	263	267	317
5:37:23	29.1	251	247	291	398	244	249	312	244	264	311	316	295	375	310	315	438	275	281	298	294	275	275	280	278	336	315	315	450	237	279	290	270	271	329	284	272	361	292	283	471	302	282	293	262	294	310	289	311	357	299	272	435	298	287	298	258	238	280	247	273	370	294	308	420	263	280	302	290	241	280	274	306	336	295	290	416	286	292	273	278	281	264	287	325	382	281	291	448	273	272	271	279	256	260	283	332
5:53:26	29.1	244	230	329	469	248	283	268	225	245	299	353	333	371	311	282	391	261	267	287	282	292	293	260	274	310	319	312	477	264	254	248	306	246	318	286	320	369	248	348	417	271	299	269	289	301	282	290	288	374	285	285	423	265	287	257	278	274	269	295	263	369	304	333	445	295	292	273	294	280	288	268	315	364	302	321	440	313	288	267	303	318	319	282	313	350	287	288	468	262	298	253	269	299	257	251	331
6:09:30	29.1	269	272	310	456	241	270	259	239	251	244	274	317	349	300	305	429	279	285	290	301	267	283	256	289	331	305	327	484	284	262	282	280	286	309	284	330	353	262	312	496	321	307	313	302	301	277	270	330	402	287	318	479	264	255	265	271	322	314	260	305	367	316	334	417	239	297	248	296	273	279	297	291	408	319	368	448	226	301	266	291	287	317	282	324	374	266	385	477	292	276	287	292	282	249	311	312
6:25:33	29.1	256	253	323	413	281	280	245	241	276	276	321	309	366	311	348	404	281	265	278	261	283	278	285	279	381	330	308	517	278	307	274	254	272	293	283	308	412	279	351	506	292	296	285	270	271	298	280	331	383	289	325	493	289	258	274	250	265	278	296	308	351	302	352	480	277	294	308	311	313	290	285	345	358	282	349	461	264	280	298	298	277	287	241	336	381	322	313	437	280	283	259	305	304	345	276	313
6:41:36	29.1	262	271	319	436	255	274	235	241	259	303	324	321	444	324	340	459	261	292	284	311	261	304	240	317	406	299	346	478	284	277	278	297	279	308	276	326	388	302	356	532	256	288	329	303	271	317	276	357	383	291	311	427	251	259	285	251	259	262	288	272	378	313	335	456	307	271	279	333	276	266	254	328	397	302	360	470	279	296	262	276	276	286	270	352	396	308	338	482	243	296	279	271	268	284	269	296
6:57:40	29.1	259	290	347	449	276	263	298	271	256	286	293	342	384	282	316	515	277	297	289	268	271	278	248	312	396	318	320	482	308	256	280	298	262	305	304	353	437	298	348	499	287	344	289	278	272	326	310	338	389	318	286	531	326	310	309	272	287	280	264	313	354	312	308	446	281	281	296	322	300	245	264	316	413	327	360	477	302	299	252	310	289	278	298	312	411	309	406	520	275	270	265	294	275	297	299	381
7:13:43	29.1	227	271	285	469	267	254	284	227	240	284	327	318	415	285	365	492	275	320	277	323	281	273	292	322	377	295	361	572	242	264	278	305	261	298	295	350	438	314	347	517	254	339	290	299	292	316	282	311	408	278	355	444	281	250	312	285	273	276	296	299	358	343	329	518	287	251	280	310	290	265	278	344	426	318	373	511	297	266	275	320	269	295	322	339	409	275	323	522	264	293	294	305	294	255	258	304
7:29:47	29.1	279	260	290	476	250	280	267	250	263	255	312	343	444	332	378	557	295	278	278	290	270	296	250	306	417	320	367	519	299	251	271	293	278	300	267	335	411	289	409	494	242	323	281	311	266	342	237	335	380	345	353	459	300	279	266	261	283	259	237	276	370	281	351	473	275	265	279	296	259	255	298	322	402	307	334	533	294	290	284	311	308	320	288	341	387	309	375	595	286	285	306	293	305	310	275	379
7:45:50	29.1	262	268	336	480	243	285	271	243	277	264	328	339	484	328	332	549	303	263	275	269	259	264	222	334	406	330	400	569	279	293	321	305	285	347	276	322	431	320	400	565	295	307	263	291	319	303	280	296	447	300	341	475	239	282	270	269	267	282	287	334	437	314	365	546	297	294	302	312	283	264	252	316	429	271	400	495	250	306	306	297	311	283	308	398	470	308	428	562	278	314	274	309	292	267	294	393
8:01:53	29.1	280	261	325	500	245	253	282	278	226	282	308	340	498	279	376	518	269	267	308	302	289	307	275	351	485	323	387	580	291	311	277	303	325	352	284	321	487	293	475	573	277	297	301	288	288	332	300	310	441	305	367	494	277	256	286	278	268	294	261	292	427	325	365	555	287	292	291	321	282	305	295	357	484	281	387	582	267	280	296	311	316	286	314	359	521	321	403	562	262	351	292	324	277	337	317	363
8:17:57	29.1	219	257	340	504	246	290	287	250	251	292	317	358	471	287	366	573	314	279	286	319	294	307	267	326	437	317	396	594	296	317	308	326	315	353	268	320	486	336	502	627	332	294	293	338	303	358	279	386	443	311	331	485	283	279	276	293	299	274	252	317	444	292	367	546	270	283	303	303	289	290	291	348	474	324	359	592	244	311	316	306	310	301	241	395	495	328	382	572	268	317	290	319	310	301	266	375
8:34:00	29.1	285	264	353	574	279	297	260	287	278	298	300	341	492	299	382	531	273	332	300	318	278	269	267	297	490	294	434	570	259	266	269	334	303	408	319	365	441	304	416	650	274	333	307	321	288	336	278	381	496	330	390	567	297	318	296	279	291	289	267	307	472	331	416	576	312	311	308	343	249	330	259	364	488	312	433	582	277	311	291	304	298	319	315	385	536	316	423	609	286	302	302	316	312	325	294	381
8:50:04	29.1	261	287	353	534	253	286	273	256	261	271	313	378	529	352	379	587	276	306	322	330	303	328	277	364	482	315	463	648	281	292	281	324	302	397	270	405	557	314	454	670	283	316	304	260	291	355	290	383	474	298	314	544	258	290	260	283	281	287	251	302	465	341	401	672	313	318	279	311	268	272	329	345	510	286	402	623	288	295	259	314	291	296	280	378	519	319	448	689	289	355	295	347	327	303	330	399
9:06:07	29.1	285	283	348	577	272	248	318	291	283	291	324	375	576	325	398	707	260	277	277	292	247	317	285	331	520	332	453	686	273	314	312	319	290	340	267	401	543	338	513	696	308	292	287	352	322	349	250	362	526	321	359	551	250	248	296	295	307	245	268	340	524	317	424	656	287	336	251	306	287	284	288	411	527	338	452	643	289	277	341	287	292	281	264	402	621	350	490	688	322	309	276	361	277	340	293	416
9:22:10	29.1	292	264	397	546	238	258	277	264	256	288	278	381	546	307	422	646	267	301	269	293	246	277	255	371	560	354	475	693	280	327	290	320	295	359	295	374	603	347	491	757	275	358	327	350	281	401	289	402	518	355	393	532	276	294	291	266	296	294	276	322	586	344	419	682	302	286	263	375	300	301	286	371	571	353	480	678	297	328	316	318	304	326	313	419	566	368	470	733	270	337	277	313	307	368	291	453
9:38:14	29.1	283	276	409	588	230	280	265	304	283	288	349	366	522	345	481	639	256	297	328	346	256	345	265	351	579	334	481	699	276	308	302	331	285	377	261	412	596	356	454	727	308	373	320	331	283	398	267	408	495	307	378	583	267	262	310	285	305	284	280	338	549	373	401	705	292	319	311	359	311	271	329	389	583	377	508	757	307	328	293	388	322	330	334	399	576	325	496	783	279	311	302	299	287	350	290	426
9:54:17	29.1	285	231	364	632	294	294	269	270	274	299	351	323	560	314	476	667	301	273	323	292	296	315	271	356	534	371	500	742	276	325	295	321	330	408	268	395	549	376	516	760	315	356	286	334	289	406	277	392	508	337	373	649	287	296	266	288	241	271	271	347	556	341	441	744	341	357	273	347	331	281	286	380	579	338	554	720	282	363	316	309	295	297	303	388	579	376	506	763	259	356	295	336	304	348	313	455
10:10:21	29.1	275	253	459	654	285	247	296	296	288	298	307	375	590	337	453	703	315	321	304	310	317	348	264	395	542	378	551	763	298	332	287	371	292	408	260	424	616	343	627	857	273	362	270	340	349	480	268	421	504	332	449	646	305	317	269	285	285	273	282	412	581	364	500	742	305	324	279	350	304	296	263	441	627	407	593	764	290	350	317	367	316	342	303	455	638	379	600	805	337	415	342	322	290	347	302	456
10:26:24	29.1	262	272	411	628	297	297	255	289	257	336	324	396	584	355	508	745	261	350	307	312	246	318	252	367	604	343	593	797	294	375	313	404	344	385	249	445	633	399	616	850	294	409	341	342	340	463	246	480	555	353	452	729	292	281	285	331	239	276	310	345	657	330	517	736	297	344	313	387	296	340	290	401	621	371	567	791	289	337	323	343	298	367	301	518	696	357	642	831	284	420	335	361	317	392	280	525
10:42:28	29.1	245	252	421	597	229	270	291	279	255	298	309	406	586	348	481	749	276	361	352	350	262	367	225	425	597	414	569	817	297	386	325	388	351	467	292	497	680	390	662	806	314	374	337	353	331	454	264	520	573	407	461	621	277	311	276	322	282	321	287	379	598	380	527	799	315	354	291	369	271	310	350	423	588	378	624	823	321	343	296	400	302	389	350	537	636	443	720	896	314	359	282	386	347	322	320	570
10:58:31	29.1	244	282	420	615	262	289	266	315	299	313	308	378	601	406	544	758	332	355	347	342	283	375	277	409	623	391	684	838	319	414	331	427	344	430	305	500	688	443	681	878	297	435	306	379	310	476	308	471	540	379	492	695	301	327	285	287	283	281	286	383	648	403	588	877	319	356	337	384	244	323	269	456	666	405	677	848	263	361	316	389	297	372	321	490	728	447	706	886	305	396	328	395	357	418	344	486
11:14:35	29.1	265	243	453	608	255	293	282	319	302	350	262	376	623	445	524	786	317	348	343	337	328	387	265	411	619	412	668	869	317	371	295	411	294	425	304	469	663	407	733	866	335	424	308	454	325	513	269	483	571	396	439	664	259	323	275	274	272	301	295	368	643	397	640	785	279	380	295	355	289	327	317	452	702	412	723	852	321	444	342	378	305	355	296	537	684	417	745	952	339	430	353	379	298	406	319	568
11:30:38	29.1	238	283	519	624	249	312	293	296	319	369	359	387	707	428	520	875	288	346	342	401	299	337	291	436	672	433	694	835	299	393	335	433	350	485	260	546	698	449	773	864	308	417	334	389	352	500	238	530	585	399	469	716	277	330	260	342	287	300	233	396	638	447	612	842	309	428	324	403	292	298	294	445	729	409	675	873	325	439	354	411	328	425	315	539	750	419	825	974	343	422	338	412	309	416	305	544
11:46:41	29.1	273	241	484	665	264	301	309	289	274	321	317	400	623	472	578	815	282	351	352	342	284	384	245	434	633	452	621	898	284	400	339	378	326	489	251	544	699	435	802	869	316	413	324	407	330	476	265	528	572	379	437	659	316	292	293	313	303	318	279	426	709	460	619	806	312	423	370	410	274	371	340	545	708	472	740	937	333	451	337	413	351	447	314	543	719	544	844	961	318	446	352	436	328	420	305	586
12:02:45	29.1	251	262	494	663	278	331	328	321	270	353	311	384	690	468	612	807	294	369	340	387	316	393	283	453	685	523	748	949	362	418	396	407	351	537	305	534	736	508	813	952	296	437	318	446	346	574	304	556	545	393	473	706	276	300	297	299	283	335	321	409	705	452	654	881	333	441	334	416	291	361	317	488	715	503	728	959	351	517	344	430	312	380	322	634	808	458	792	989	344	431	315	473	325	446	349	652
12:18:48	29.1	250	260	470	644	252	290	329	310	245	354	305	417	690	481	587	852	304	382	390	393	295	408	278	464	676	494	712	830	315	457	343	453	297	534	249	604	800	522	808	963	312	490	368	452	349	536	291	571	589	457	491	687	281	335	307	324	265	321	300	464	655	493	653	833	320	474	332	391	295	341	331	487	772	475	781	872	327	440	387	440	350	454	337	649	761	512	869	966	341	484	393	484	318	478	375	610
12:34:52	29.1	236	268	508	780	293	333	305	336	285	311	295	413	633	461	687	806	318	409	354	431	272	400	297	526	708	494	740	958	310	468	374	525	311	567	296	588	737	538	831	986	303	506	442	471	364	580	291	593	578	452	478	737	296	330	279	306	283	305	310	465	679	486	651	872	319	477	370	502	321	351	328	537	749	539	752	921	332	488	307	503	351	406	355	649	724	575	861	927	349	511	353	431	340	456	314	722
12:50:55	29.1	261	264	508	683	228	315	368	318	266	341	302	447	723	479	604	841	335	436	369	465	298	419	270	485	680	513	757	944	294	477	424	496	372	539	270	579	814	528	805	938	312	477	366	418	365	580	284	567	577	426	540	712	334	346	343	350	281	318	310	443	720	560	622	911	368	412	396	481	323	421	342	526	727	489	869	909	328	476	386	448	334	515	331	668	751	568	903	993	417	537	374	468	354	464	368	640
13:06:59	29.1	255	255	517	684	286	340	279	339	314	340	299	418	684	461	650	838	301	423	379	423	303	444	272	477	736	501	762	946	350	500	381	486	346	593	249	626	749	500	864	964	366	535	421	526	363	628	302	654	585	417	516	718	272	325	315	347	269	323	280	435	706	538	672	939	345	500	357	536	325	344	372	568	717	524	861	964	392	551	359	497	339	447	318	658	847	587	920	1021	371	545	378	454	355	549	329	723
13:23:02	29.1	233	251	507	724	241	343	348	346	256	368	344	439	685	568	660	903	368	395	387	474	306	445	288	511	719	551	797	968	357	549	411	504	350	621	298	592	807	569	908	983	330	534	424	461	365	633	312	653	617	418	523	782	285	321	323	377	279	305	270	468	720	555	694	916	352	481	417	542	308	338	324	607	757	543	832	1005	339	504	366	546	346	500	366	705	801	575	933	995	389	592	377	542	354	570	392	705
13:39:05	29	279	254	529	708	285	324	343	400	253	354	317	425	696	547	651	913	340	443	435	496	317	439	286	558	717	557	840	977	350	555	407	498	354	664	270	592	794	576	934	1019	372	553	432	563	379	641	290	691	565	457	509	779	260	311	326	352	268	357	327	435	683	592	703	907	323	478	389	462	304	412	374	617	778	574	845	993	366	602	420	557	317	525	355	769	832	619	927	1102	404	526	406	551	363	543	410	750
13:55:09	29.1	240	269	517	762	268	374	359	402	264	410	317	519	719	613	709	886	324	446	474	485	342	456	295	536	727	611	841	958	349	508	445	523	333	644	246	728	783	597	950	926	325	594	438	537	369	694	320	678	549	454	542	723	280	338	323	383	318	312	288	489	677	540	728	882	398	510	389	551	335	436	347	567	783	586	827	949	418	601	440	608	347	545	407	791	770	583	960	1022	420	684	427	577	339	595	350	746
14:11:12	29.1	237	269	479	737	276	315	383	372	261	395	296	485	729	591	730	936	356	480	472	495	351	450	295	559	741	600	850	964	389	521	506	546	357	758	328	724	781	592	957	1019	368	542	447	527	320	651	311	698	619	485	556	820	285	321	345	383	312	360	307	459	698	576	716	970	386	542	388	578	362	393	356	690	766	610	892	997	396	638	453	590	384	538	368	780	819	680	989	1036	399	603	464	557	379	653	422	817
14:27:16	29.1	258	269	535	754	270	351	406	406	319	425	301	525	787	545	667	911	377	514	511	442	325	476	272	569	756	663	806	1047	373	592	552	542	364	700	244	722	807	658	894	1068	413	640	510	590	361	731	298	733	578	466	514	738	311	367	320	382	323	387	272	516	722	623	694	902	379	580	451	569	318	387	347	673	729	662	924	978	444	613	431	552	400	565	395	852	837	684	936	1066	436	688	499	581	342	621	364	884
14:43:19	29.1	289	231	541	801	287	358	377	361	229	445	298	515	726	626	665	935	362	526	474	580	315	428	265	576	746	692	838	1014	445	625	515	549	358	659	282	770	788	671	1006	1012	368	642	505	644	338	778	291	764	571	474	555	717	300	377	368	436	287	382	307	486	758	629	810	973	398	537	404	560	359	462	375	640	794	695	907	1023	424	698	474	637	393	564	358	843	809	693	994	1046	428	674	484	585	344	661	367	880
14:59:23	29.1	228	254	569	759	233	349	345	387	269	407	323	498	673	581	744	960	334	530	461	549	355	541	276	663	719	658	892	1030	441	603	487	601	356	751	293	813	828	668	959	1049	397	619	507	655	336	802	296	734	693	533	574	752	323	368	356	398	327	359	343	483	739	575	750	974	394	514	487	532	315	473	389	712	803	654	962	1043	428	666	489	662	427	595	402	821	805	722	994	1074	461	645	513	657	393	683	395	929
15:15:26	29	239	230	548	774	286	358	358	394	264	356	337	534	740	660	717	967	391	568	443	517	326	502	268	611	719	661	948	1023	409	605	512	592	344	817	281	721	849	646	1044	1088	445	621	516	592	344	820	347	824	531	518	592	812	303	342	354	386	299	334	340	500	776	678	785	958	438	565	488	608	304	428	323	682	755	700	855	1035	481	695	554	664	355	618	399	865	907	739	1055	1125	456	678	479	718	393	683	401	920
15:31:29	29	239	254	555	798	309	376	400	395	292	462	321	501	709	714	747	936	481	568	525	579	334	532	328	626	793	668	975	968	455	608	533	647	366	757	362	761	895	711	985	1039	406	674	562	610	390	836	331	857	691	490	577	759	325	404	410	405	314	420	308	529	710	647	734	1005	507	608	466	581	302	544	366	679	808	721	900	1072	463	666	537	630	402	684	398	845	850	701	1032	958	514	757	536	728	387	716	387	955
15:47:33	29.1	242	274	583	813	288	376	415	403	300	406	302	509	709	609	739	941	437	506	497	576	396	582	296	622	778	640	928	1011	429	652	561	663	418	852	279	783	814	701	1023	1118	447	700	591	653	393	833	274	853	617	509	498	871	339	368	372	412	308	379	376	534	747	638	759	964	460	574	540	574	366	512	368	718	807	702	956	1057	509	705	547	679	380	648	441	844	919	745	985	1126	547	703	552	714	463	742	408	897
16:03:36	29.1	228	247	529	782	305	361	395	355	312	378	347	479	767	626	717	928	430	495	528	624	305	543	308	616	759	684	903	1091	425	590	528	611	388	637	275	693	797	717	936	1100	486	701	547	662	422	782	280	745	679	499	548	732	329	356	344	390	333	402	327	481	762	658	676	927	501	568	507	615	337	472	400	595	815	636	877	1048	477	697	539	647	407	635	430	785	771	735	896	960	505	678	572	761	362	687	378	777
16:19:40	29.1	224	248	515	745	299	322	391	372	257	412	312	468	724	611	758	880	441	506	529	600	328	547	343	629	763	673	920	1035	512	627	532	591	384	729	313	737	852	745	949	953	447	635	531	698	404	786	309	722	610	535	537	758	335	393	426	388	306	357	324	541	813	637	722	1038	487	556	532	577	344	500	357	604	777	676	914	1087	573	664	546	687	435	607	434	773	842	768	991	1104	563	645	602	672	428	758	427	820
16:35:43	29.1	282	257	534	837	346	371	443	405	303	444	350	557	758	661	706	1096	465	561	583	646	366	591	278	648	709	656	899	1098	502	653	532	638	444	848	317	813	821	718	1082	1142	503	682	596	711	406	780	296	857	653	479	585	809	332	426	440	411	288	380	341	553	870	632	780	1039	485	558	560	669	352	572	390	703	820	723	914	1124	589	740	520	702	443	778	450	863	946	703	1108	1191	551	710	526	723	467	849	411	846
16:51:47	29.1	254	240	558	774	313	332	413	402	297	455	328	504	674	612	785	999	460	554	564	659	387	549	311	638	769	673	909	1094	520	674	612	661	384	820	319	884	806	720	1061	1173	517	669	614	609	437	942	304	820	683	450	571	805	328	363	383	481	355	393	381	583	743	619	757	1119	545	557	553	648	429	546	401	718	852	724	1054	1082	553	737	588	686	458	742	413	850	931	690	1151	1225	593	757	613	765	486	805	475	922
17:07:50	29.1	243	246	572	812	341	393	406	449	336	443	350	550	803	685	806	1031	527	534	531	646	369	501	280	654	746	673	987	1106	530	652	610	670	420	798	332	896	862	743	1107	1134	567	744	633	651	453	867	308	936	669	486	581	837	347	393	380	417	320	411	331	582	789	655	818	1092	566	581	596	677	426	547	373	773	864	738	973	1166	592	718	639	764	485	807	483	871	938	669	1083	1120	661	805	633	761	452	851	434	875
17:23:53	29.1	264	252	594	801	342	392	422	414	301	451	345	471	782	686	803	1047	509	596	565	649	393	571	294	695	766	725	948	1127	521	677	558	789	465	799	319	855	932	728	1114	1159	559	770	626	690	409	894	295	910	649	489	605	886	333	349	438	458	345	475	339	559	835	665	797	1097	572	586	614	673	387	544	410	769	912	690	1048	1107	605	738	615	780	473	839	448	885	850	755	1115	1239	672	800	616	797	477	830	501	991
17:39:57	29.1	232	252	582	760	369	380	393	437	321	479	322	489	772	649	807	1008	544	623	560	611	401	569	294	601	765	690	1059	1135	547	682	603	694	423	879	349	819	870	693	1088	1126	590	664	601	766	474	978	333	938	700	537	637	864	352	363	405	449	372	439	393	578	844	678	841	1082	518	609	616	741	401	563	436	694	794	666	987	1187	646	789	637	734	459	876	445	944	883	756	1084	1149	662	750	673	765	546	925	555	921
17:56:00	29.1	264	258	596	797	326	386	421	411	309	422	309	555	820	656	785	1062	520	535	552	615	403	565	319	686	827	733	1064	1116	600	587	617	634	422	835	303	929	892	697	1126	1142	655	745	628	752	441	910	338	864	690	519	633	854	361	400	425	463	362	430	379	610	848	599	804	1005	560	620	608	673	397	561	456	729	874	742	995	1185	605	727	640	719	539	822	451	988	942	730	1078	1173	717	794	671	836	517	878	615	1061
18:12:04	29.1	216	257	649	834	365	356	444	472	335	494	315	560	813	681	837	1034	584	588	599	590	398	584	268	711	860	672	992	1120	606	675	616	691	450	938	345	878	920	682	1065	1147	645	750	632	762	466	919	356	906	705	479	623	810	383	370	412	432	354	452	392	519	823	668	824	1018	572	730	610	676	410	526	490	801	867	722	997	1177	628	744	714	784	557	856	536	898	885	755	1159	1066	687	751	696	756	560	909	586	1002
18:28:07	29.1	257	259	615	825	358	380	400	414	327	416	317	577	799	640	848	997	557	552	578	681	408	551	309	759	846	690	1120	1195	595	679	619	710	495	799	318	892	895	739	1180	1205	610	731	598	727	495	956	313	853	702	546	641	823	359	387	422	393	328	443	380	599	871	676	785	1086	606	603	660	678	442	552	437	753	860	688	969	1187	649	706	651	685	490	810	551	969	924	785	1154	1209	661	706	683	776	576	894	551	1072
18:44:10	29.1	229	267	614	778	346	395	430	393	333	452	306	575	824	616	728	1070	588	535	523	628	415	569	312	711	799	687	982	1065	578	647	647	707	494	819	350	820	875	716	1126	1120	627	659	646	740	520	874	344	873	667	531	641	885	378	352	463	434	313	424	406	566	802	665	778	1047	568	629	626	648	462	581	459	694	922	739	997	1108	706	720	607	751	531	828	536	939	960	727	1051	1206	658	770	679	757	534	931	594	943
19:00:14	29.1	268	305	551	762	388	362	454	399	325	358	342	461	854	671	788	1076	561	511	554	654	394	538	332	617	818	677	975	1104	644	639	555	652	505	770	331	745	908	717	1052	1175	589	633	599	735	505	824	347	761	729	510	575	905	344	369	442	441	319	448	400	518	806	703	811	1066	617	552	593	650	425	528	491	647	897	693	986	1155	657	704	619	701	556	717	546	806	932	809	978	1100	655	718	701	741	599	831	574	822
19:16:17	29.1	259	279	620	876	372	448	439	435	354	477	300	546	850	658	876	1112	572	621	598	682	416	566	378	686	831	702	1062	1152	636	704	609	774	450	807	372	876	965	751	1142	1226	692	781	572	759	507	940	352	922	653	530	675	820	359	371	438	443	376	466	448	538	807	687	760	1055	604	590	555	662	456	586	515	855	922	666	1037	1204	675	724	661	792	542	934	588	963	1014	749	1035	1205	723	820	713	734	623	889	629	1035
19:32:21	29.1	263	276	621	832	370	351	411	405	363	483	305	601	853	656	860	1098	583	590	625	624	397	630	353	711	861	683	1096	1216	679	704	645	676	542	849	326	909	948	723	1154	1212	697	732	647	734	575	960	340	1015	747	599	602	889	386	407	390	461	413	480	404	662	869	698	832	1082	574	640	621	706	494	611	492	820	921	657	979	1188	612	673	624	737	590	878	601	980	932	825	1080	1121	774	793	766	778	613	904	622	1010
19:48:25	29.1	275	266	675	875	355	438	450	441	396	444	317	601	861	662	854	1121	586	595	626	639	466	608	367	698	835	736	1111	1228	677	700	657	710	471	900	350	909	999	715	1202	1250	692	774	655	765	540	918	340	935	711	537	610	881	362	367	417	506	354	457	424	610	897	702	833	1017	578	611	606	626	436	577	546	753	944	738	1025	1169	677	760	658	713	585	863	560	971	973	758	1073	1178	727	814	739	801	618	927	622	1008
20:04:28	29.1	250	253	616	885	348	376	425	414	371	504	344	574	866	667	856	1142	616	616	584	675	488	611	396	739	830	739	1020	1134	719	687	707	727	574	958	356	944	951	778	1172	1207	674	840	696	737	618	1014	335	1028	718	524	674	874	357	352	471	474	406	476	466	608	922	765	854	1044	569	657	613	705	506	591	574	860	934	732	984	1269	795	719	721	785	625	929	632	1043	1014	764	1096	1196	736	759	712	808	724	973	704	995
20:20:31	29.1	258	263	636	914	357	445	423	393	375	436	419	612	876	688	849	1075	605	641	564	663	416	595	306	768	870	648	1060	1234	656	735	641	743	545	951	411	964	1001	738	1144	1265	684	740	674	731	606	1002	345	1015	735	585	658	941	323	404	458	505	477	454	493	627	926	635	813	1089	592	654	647	705	550	678	556	872	926	691	1026	1179	646	737	639	821	593	886	661	1012	1070	775	1121	1135	726	810	720	733	643	982	662	1048
20:36:35	29.1	218	210	622	901	404	356	443	401	444	518	325	622	889	643	845	1078	674	620	667	682	495	606	337	794	918	681	1078	1197	636	734	615	811	551	884	359	930	888	777	1158	1265	690	742	669	763	619	1036	350	993	772	571	663	911	330	404	464	466	415	447	472	634	868	759	894	1088	631	597	604	701	519	654	603	782	1025	679	1035	1145	621	729	684	833	665	880	684	998	998	830	1037	1124	780	833	704	803	715	921	698	936
20:52:38	29.1	237	319	657	938	381	399	468	419	429	509	321	590	885	639	897	1140	638	639	632	627	491	705	332	723	877	751	1093	1231	664	710	627	810	571	958	385	903	991	753	1146	1247	689	832	714	814	621	1005	342	1011	716	540	637	961	374	430	455	483	440	525	490	614	897	703	803	1087	632	634	658	734	534	640	651	791	1037	749	1004	1223	651	769	671	701	698	1015	703	1045	993	731	1166	1170	727	809	777	813	736	945	719	988
21:08:42	29.1	262	235	610	851	376	338	441	440	428	478	358	629	886	740	900	1108	574	614	645	719	492	617	322	789	877	731	1111	1273	672	664	637	743	591	978	396	1045	957	727	1105	1296	707	766	700	810	671	1013	367	1035	784	564	647	900	366	384	417	476	452	521	513	596	919	788	740	1106	543	683	651	749	576	668	653	783	859	708	1049	1097	700	732	705	794	694	953	716	1084	1058	781	1084	1159	769	722	665	824	729	995	746	1012
21:24:45	29.1	250	288	654	900	386	381	416	457	436	537	391	606	849	676	825	1123	625	629	599	684	487	704	390	689	860	661	1100	1132	635	737	652	778	587	970	449	1024	899	745	1172	1331	766	787	673	768	622	1051	386	1071	759	570	609	940	360	415	447	473	460	450	504	668	875	641	796	1089	616	619	661	697	571	675	634	841	996	749	1017	1206	611	791	700	786	738	974	770	945	988	833	1037	1150	690	755	744	770	734	1091	724	1004
21:40:48	29.1	239	241	700	941	388	383	489	500	429	531	371	536	902	692	865	1081	596	612	641	711	559	639	386	748	854	729	1146	1271	710	731	700	759	666	1014	419	1002	1002	782	1164	1235	721	778	717	772	653	1068	403	1037	781	581	609	922	390	460	488	476	485	493	494	639	931	750	748	1016	610	602	665	695	550	602	640	824	968	779	988	1110	648	734	716	814	720	923	732	1019	1017	818	1046	1104	744	778	789	822	825	1023	787	1004
21:56:52	29.2	254	255	670	905	423	407	431	431	421	546	366	597	852	701	853	1109	606	629	610	699	562	621	381	794	863	649	1137	1211	664	689	681	745	727	907	394	980	1002	769	1174	1280	647	806	746	811	678	1037	373	1058	742	605	640	935	334	413	467	483	456	444	529	614	950	718	811	1008	694	668	650	694	598	702	685	807	961	744	958	1191	653	739	673	808	769	1034	747	971	1074	729	1048	1266	763	785	740	805	772	1005	826	1005
22:12:55	29.1	261	254	664	896	393	413	445	473	438	507	400	668	883	666	854	1102	554	642	583	655	513	673	404	790	942	704	1109	1248	716	764	605	762	699	1029	393	1046	1016	846	1092	1231	686	798	636	750	693	1078	389	1019	736	603	598	864	384	436	492	455	493	453	497	674	912	742	815	1009	624	680	648	690	641	645	661	763	963	808	963	1102	663	744	694	749	767	937	852	1031	1126	865	1056	1114	765	784	783	807	829	1067	780	995
22:28:59	29.1	229	277	629	880	382	421	469	433	433	524	386	609	912	721	857	1093	588	602	634	754	548	672	428	726	945	771	1124	1218	727	731	651	815	656	1040	454	1011	1000	735	1168	1231	681	785	754	833	733	1031	388	954	774	600	640	944	404	452	455	569	501	495	503	644	908	731	771	994	607	729	641	757	594	656	690	740	1080	782	974	1077	765	743	742	756	780	913	863	1038	1078	796	1051	1252	801	778	789	835	865	1055	854	1037
22:45:02	29.1	243	277	698	927	417	405	488	463	445	545	406	601	921	725	815	1131	629	666	617	648	598	641	439	799	885	741	1135	1227	641	725	652	749	669	1011	432	1014	1042	794	1182	1222	718	804	628	755	759	1020	445	1035	795	549	653	889	380	436	438	486	496	489	571	615	920	744	717	1061	616	649	712	680	630	697	715	786	1026	774	1003	1104	740	761	688	717	683	962	837	1033	1066	901	1003	1100	790	755	752	745	822	1063	889	932
23:01:05	29.1	236	244	660	911	342	395	517	496	447	546	376	620	960	666	881	1049	611	613	643	686	561	635	452	786	978	724	1124	1242	649	739	623	695	699	977	453	1110	1013	767	1130	1256	753	942	708	734	744	1007	497	1028	790	594	653	866	379	465	495	494	527	494	562	599	1009	718	789	1042	700	668	664	705	591	630	655	746	980	821	1041	1060	684	738	746	798	795	882	870	992	1037	769	1056	1084	794	832	744	856	894	973	911	965
23:17:09	29.1	232	241	687	981	452	443	463	448	484	529	390	641	901	720	869	1117	585	634	624	668	626	660	412	766	900	724	1071	1259	615	728	623	755	659	970	500	1039	1038	801	1060	1158	712	818	699	827	759	1001	444	1074	756	589	555	905	392	428	470	538	511	504	544	640	928	695	807	967	683	642	645	740	700	673	761	709	999	774	930	1127	653	819	645	791	891	947	846	952	1193	823	1001	1106	817	875	744	798	934	1017	918	1009
23:33:12	29.1	261	239	638	947	379	394	533	443	517	524	363	596	889	662	860	1113	624	649	652	681	595	643	457	774	953	730	1132	1234	697	734	635	716	745	968	407	1039	991	786	1144	1254	756	799	710	799	854	1050	468	1020	763	620	636	915	398	433	502	468	468	480	577	645	938	726	749	1013	633	638	712	756	657	669	671	779	1039	801	984	1091	677	823	748	766	813	944	903	946	1117	828	949	1112	771	836	751	801	937	1081	857	946
23:49:16	29.1	257	236	667	879	365	381	420	447	473	537	376	660	922	715	921	1144	689	630	670	754	642	593	420	780	904	711	1057	1260	694	799	639	819	775	975	508	1035	1060	735	1049	1217	710	818	704	796	878	1112	468	1044	820	617	654	914	376	392	474	524	505	497	584	622	998	697	806	959	622	665	736	774	734	668	697	762	1052	777	953	1046	730	804	728	779	912	889	895	1028	1161	816	971	1142	763	774	762	859	897	989	920	1103
24:05:19	29.1	242	230	674	920	406	389	447	455	509	532	452	597	923	721	912	1118	640	614	589	692	622	621	505	774	904	772	1016	1302	699	828	681	805	803	1039	472	1019	1096	830	1129	1218	734	846	669	795	798	1054	543	1034	741	647	666	948	424	403	469	459	553	485	554	626	952	732	781	991	677	676	713	766	690	641	715	791	1071	814	913	986	605	824	738	724	924	959	915	1000	1140	788	1013	1087	807	772	745	864	1030	1035	919	1000
