gene	chromosome	peakPosition	LOD	2LODIntervalLeft	2LODIntervalRight	alleleFrequencyDifference
YAL005C	chr01	38900	6.36	0	60900	0.1091146088
YAL005C	chr02	588000	4.73	524700	634000	-0.0936315538
YAL005C	chr04	42800	5.02	0	88700	-0.1160801872
YAL005C	chr04	732800	5.47	592300	817600	-0.0870380742
YAL005C	chr07	369700	24.57	352600	386600	0.237939906
YAL005C	chr08	129700	5.23	86000	193200	0.109291901
YAL005C	chr10	659900	10.77	639700	680300	0.1695253632
YAL005C	chr11	270400	95.23	262500	275200	-0.4972861931
YAL005C	chr12	653500	18.6	637700	675300	0.209083969
YAL005C	chr13	114500	8.35	94200	157100	0.1413396037
YAL005C	chr14	510200	10.25	478800	536000	0.1585581895
YAL005C	chr16	194600	31.11	172500	210700	-0.2628996511
YAL012W	chr01	29400	4.53	0	72500	-0.0924188141
YAL012W	chr08	180600	7.95	154600	223700	-0.1302754452
YAL012W	chr11	261700	11.12	236700	280400	-0.1602978186
YAL012W	chr12	641700	13.21	616100	662300	0.1648548095
YAL044C	chr04	1467600	8.96	1413300	1506200	-0.1387638085
YAL044C	chr05	393600	16.36	371600	414300	0.202449608
YAL044C	chr08	170600	15.34	153700	190300	-0.1821803325
YAL044C	chr09	74700	4.81	40000	158900	0.0978348729
YAL044C	chr11	234600	7.14	173200	290600	0.11804995
YAL044C	chr12	662200	18.24	641700	702400	-0.1968470974
YAL044C	chr13	71300	26.15	48600	114200	0.2317188782
YAL044C	chr14	474200	9.04	438300	512900	-0.1615583204
YAL060W	chr04	584700	7.1	460700	641800	-0.1078913653
YAL060W	chr05	366000	19.92	350700	391100	0.2193127896
YAL060W	chr07	476800	18.05	456300	527900	0.191194904
YAL060W	chr08	445800	5.68	374700	527300	-0.0904943979
YAL060W	chr09	101900	6.57	48100	187100	-0.1030898467
YAL060W	chr10	657300	5.77	619200	697500	-0.0990945002
YAL060W	chr11	642200	5.03	588300	644800	0.1045121823
YAL060W	chr12	168300	6.82	125600	252000	-0.1004529851
YAL060W	chr12	666700	13.17	627900	707800	0.1564010567
YAL060W	chr12	1043100	5.91	965900	1059600	0.1035014308
YAL060W	chr13	24300	6.97	0	79000	0.0965488092
YAL060W	chr13	590900	5.91	523500	624600	-0.1105347047
YAL060W	chr14	460900	22.36	442200	478000	0.2130742167
YAL060W	chr15	530900	11.36	504600	611600	0.1447254064
YBL007C	chr02	73600	5.31	32300	102500	0.0596910623
YBL007C	chr07	543400	5.58	461800	574600	0.0987413401
YBL007C	chr12	248800	5.14	207800	281900	-0.1016787951
YBL007C	chr12	612900	8.91	574200	652600	0.1381204094
YBL007C	chr12	1035400	6.81	1014600	1059600	0.1098404851
YBL007C	chr14	463000	23.48	450100	477100	0.2124344811
YBL007C	chr15	168900	5.07	119900	194800	0.1048853462
YBL076C	chr02	141900	9.1	107800	217200	0.136847029
YBL076C	chr04	210800	7.42	158600	248600	0.1271848543
YBL076C	chr08	141700	13.26	106200	171400	0.1558908188
YBL076C	chr13	61500	8.25	40500	104500	0.1360851185
YBL076C	chr14	459000	7.36	429500	486900	0.1356591464
YBL076C	chr15	144100	8.32	125100	184500	0.1310078221
YBR067C	chr01	46800	43.71	39000	55100	0.324765769
YBR067C	chr04	248800	7.14	223400	294500	-0.1090239189
YBR067C	chr05	378300	44.28	368300	392700	-0.3031421451
YBR067C	chr07	395700	14.02	378200	418300	-0.182826982
YBR067C	chr08	104000	51.73	92600	113000	0.3411749796
YBR067C	chr10	701600	6.71	675300	727000	0.1184893452
YBR067C	chr11	268700	39.08	260400	277000	-0.3018720246
YBR067C	chr12	656300	136.7	650600	666100	0.5715634726
YBR067C	chr13	54000	24.11	40000	102400	0.22749835
YBR067C	chr13	398700	6.55	368300	445900	-0.1092033115
YBR067C	chr13	590600	4.91	553400	645400	0.1004768095
YBR067C	chr14	245800	5.49	179100	280500	-0.1142167716
YBR067C	chr15	156100	10.35	136700	186800	-0.1406954946
YBR084C-A	chr02	158600	14.54	132900	189600	0.1663969547
YBR084C-A	chr14	465900	36.39	453800	477000	-0.27760997
YBR084C-A	chr15	167300	10.8	135700	188800	0.1504906995
YBR143C	chr02	134300	12.49	95100	160100	0.1604246437
YBR143C	chr07	176700	5.1	80000	262400	-0.1024720887
YBR143C	chr12	887300	6.06	829600	945200	-0.1088678358
YBR143C	chr13	34500	7.6	0	102400	-0.1090323119
YBR143C	chr14	501400	4.53	437300	615900	-0.0897682612
YBR143C	chr15	158100	5.77	120300	198200	0.1094290562
YBR143C	chr15	892200	4.8	805100	942100	0.085300921
YBR179C	chr14	446500	7.63	416900	484100	-0.1281191123
YBR179C	chr15	154100	4.72	123600	221400	0.1055494234
YBR221C	chr02	148200	5.17	104500	180800	0.0707207113
YBR221C	chr05	506500	21.61	491700	522700	-0.2259622951
YBR221C	chr11	260000	4.56	213300	298000	-0.1074847535
YBR221C	chr12	657100	23.21	642600	672900	-0.2297417805
YBR221C	chr13	88100	12.22	42500	116800	0.1536527382
YCL009C	chr02	128600	8.58	89700	186000	0.1250209019
YCL009C	chr04	1331300	4.57	1295100	1460900	-0.0922448396
YCL009C	chr12	649900	21.52	631900	690100	-0.197861653
YCL009C	chr13	70600	6.9	43700	165600	0.1429715004
YCL009C	chr14	456100	38.18	438900	469800	-0.308234493
YCL040W	chr01	47600	9.22	0	69400	0.1410529465
YCL040W	chr04	228100	4.84	174600	282100	-0.0952244179
YCL040W	chr04	607000	4.54	387600	683800	-0.0976532785
YCL040W	chr05	197700	7.49	154200	259500	0.1090173128
YCL040W	chr11	142500	6.2	92200	195900	0.1094386343
YCL040W	chr12	252000	9.27	161600	270800	-0.1475814897
YCL040W	chr12	1048900	7.43	1009200	1059600	0.1315801196
YCL040W	chr14	463400	6.18	427200	526600	0.1067670354
YCR002C	chr12	268500	4.69	222900	311400	-0.0918923679
YCR002C	chr12	1044700	5.89	1023100	1059600	0.1077042106
YCR002C	chr15	173400	12.07	159500	187800	0.1700447283
YCR003W	chr14	467000	8.37	439000	497400	-0.1234494178
YCR036W	chr14	459500	5.47	425000	489500	-0.1022840467
YCR077C	chr08	94900	5.97	67600	119200	0.1213853408
YCR077C	chr12	1042200	5.35	1023300	1059500	0.1008925347
YCR077C	chr14	247400	10.39	220800	275000	-0.1510764228
YCR077C	chr15	153700	7.94	139200	188700	0.1374804475
YDL022W	chr01	32900	7.67	0	58300	0.1406256189
YDL022W	chr02	454300	13.67	435400	473100	-0.1795858233
YDL022W	chr04	607800	7.13	555400	649800	-0.1267843299
YDL022W	chr05	504300	123.79	495200	511400	0.5384041802
YDL022W	chr10	153500	22.11	141900	169300	-0.2301092373
YDL022W	chr11	279400	12.09	262900	312400	-0.1814665187
YDL022W	chr12	166000	9.17	135300	217300	-0.1274864347
YDL022W	chr12	659300	27.24	646000	673300	0.249813958
YDL022W	chr13	129700	8.09	91300	158800	0.1273627212
YDL022W	chr14	481600	16.54	463300	503500	0.1962016275
YDL022W	chr15	586100	4.98	552600	633300	0.1075499568
YDL051W	chr02	128200	5.18	96200	227100	0.1092508474
YDL051W	chr07	134900	6.34	88600	221400	-0.0988651763
YDL051W	chr13	117300	9.25	61600	144100	0.1158374351
YDL051W	chr15	174900	12.39	142300	192200	0.156081063
YDL126C	chr04	245100	14.65	222300	265800	-0.1711335648
YDL126C	chr12	317500	5.24	203800	375100	-0.1032674299
YDL126C	chr12	647400	9.65	613600	686500	0.133835317
YDL126C	chr14	464300	57.7	454200	472500	0.3810301503
YDL126C	chr16	305200	5.57	265100	381700	0.0963895081
YDL160C	chr02	12800	5.19	0	46500	0.0831496421
YDL160C	chr14	467700	7.99	447500	488300	0.1411820134
YDL160C	chr14	783400	6.01	774900	783500	0.0477331639
YDL171C	chr01	33500	13.43	0	51500	-0.1623178208
YDL171C	chr05	175300	6.16	121600	209400	-0.1189574439
YDL171C	chr08	185800	7.12	145500	313500	-0.1059952366
YDL171C	chr10	125100	5.52	83100	169800	0.1074382642
YDL171C	chr11	177300	6.28	152600	279900	-0.1178377925
YDL171C	chr12	658200	6.98	629100	683900	0.133936844
YDL171C	chr14	231500	5.33	178700	297700	-0.0988840264
YDL171C	chr14	463600	12.96	450000	479300	0.1650504289
YDL171C	chr15	155200	26.55	144000	173100	0.2397896524
YDL171C	chr16	202600	5.18	157500	299100	0.1001279563
YDL208W	chr01	41500	5.28	0	75400	-0.1017917623
YDL208W	chr07	159700	14.03	137300	194800	-0.1592327446
YDL208W	chr14	456300	7.76	416800	485800	-0.1225463103
YDL208W	chr15	161200	8.79	134700	188800	0.1261984106
YDR006C	chr07	507100	6.2	452800	608000	0.0961259851
YDR006C	chr12	250600	9.71	227200	285900	-0.1463186256
YDR006C	chr12	1034600	7.64	1014600	1059600	0.1353676585
YDR006C	chr13	178000	6.07	134500	207400	0.1237245375
YDR006C	chr14	476600	4.68	420000	521600	-0.1170927886
YDR006C	chr15	178100	6.24	85900	214700	0.1110150581
YDR027C	chr07	523900	6.54	467200	586100	0.105758412
YDR027C	chr12	247800	10.11	231000	269900	-0.1533601462
YDR027C	chr12	1059500	11.98	1027100	1059600	0.171820329
YDR027C	chr14	460400	5.79	424400	507600	-0.1016195678
YDR027C	chr15	158800	8.52	132400	205400	0.1460731382
YDR050C	chr01	51900	5.26	0	84600	-0.1010825144
YDR050C	chr02	131400	5.9	100200	169600	0.1092358246
YDR050C	chr07	123700	5.91	42500	170200	-0.0925117665
YDR050C	chr07	412000	9.16	351000	434400	0.1380660687
YDR050C	chr11	277900	18.8	260900	299800	-0.209831876
YDR050C	chr13	111400	13.31	50100	128400	0.1450800393
YDR050C	chr14	465800	63.27	454300	473300	0.3685685191
YDR050C	chr15	549200	6.06	521200	601700	0.1110342308
YDR099W	chr07	963000	5.11	907000	1029100	0.0857296395
YDR099W	chr11	262200	11.87	234400	290200	-0.1536284132
YDR099W	chr13	72400	23.33	61700	113700	0.2260244386
YDR099W	chr14	464200	53.67	456600	473200	0.3442729701
YDR099W	chr15	172400	4.54	98200	219200	-0.0882071083
YDR127W	chr02	468700	7.71	397900	522400	0.120170389
YDR127W	chr04	219300	11.16	195100	241500	0.1391369794
YDR127W	chr07	934900	4.6	826300	979900	0.0858310069
YDR127W	chr08	425500	18.7	407600	458900	-0.1957277113
YDR127W	chr11	266100	5.9	217500	292400	-0.1165739952
YDR127W	chr12	647100	11.4	626200	716900	-0.1615948474
YDR127W	chr13	51800	11.29	35900	86900	0.1636456473
YDR155C	chr02	173700	7.12	108600	208400	0.11792329
YDR155C	chr04	442900	6.03	383300	555800	-0.1024290448
YDR155C	chr07	409000	6.85	356200	450900	-0.1194874075
YDR155C	chr12	651200	33.02	639700	667900	0.2826547652
YDR155C	chr13	136900	6.73	57300	177800	0.1295890605
YDR155C	chr14	478800	8.28	445100	512500	0.141139362
YDR232W	chr04	1420000	6.17	1333800	1464700	-0.102293519
YDR232W	chr05	393500	23.62	369100	414100	-0.2126919378
YDR232W	chr07	189200	10.45	159700	212200	-0.1367311628
YDR232W	chr07	494800	10.41	474400	595500	0.1428452547
YDR232W	chr08	87800	5.92	60100	123400	0.1197792731
YDR232W	chr11	231200	8.12	213800	247300	-0.1441304029
YDR232W	chr12	657100	13.97	638700	689600	-0.1724457521
YDR232W	chr14	254300	7.79	230300	282300	-0.1209423057
YDR232W	chr14	459300	12.83	443700	475800	-0.1477138869
YDR232W	chr15	410800	6.97	392900	431000	-0.1290424787
YDR232W	chr15	505500	8.06	470700	534700	-0.1271430092
YDR232W	chr15	864400	9	833200	903500	0.1338734482
YDR298C	chr04	217300	6.68	193000	253500	-0.123537762
YDR298C	chr05	382300	11	356300	411100	-0.1480558916
YDR298C	chr11	234700	9.49	211600	261500	-0.144788247
YDR298C	chr14	459500	10.82	426600	485800	-0.1558506276
YDR298C	chr15	151500	11.85	136600	182700	-0.1571464959
YDR300C	chr01	41200	5.26	0	65200	-0.1054542387
YDR300C	chr15	157000	15.64	133200	185300	0.1617831804
YDR324C	chr01	87200	5.17	44800	109000	-0.118194406
YDR324C	chr02	132600	16.97	85600	148300	0.1769002375
YDR324C	chr03	299600	6.88	237200	307000	-0.133279513
YDR324C	chr04	1081100	5.78	1050600	1117500	0.102189981
YDR324C	chr04	1350900	11.01	1290900	1374900	-0.147785075
YDR324C	chr05	111200	5.54	65700	148600	0.1077939242
YDR324C	chr05	541000	9.51	496100	560000	-0.1342689651
YDR324C	chr06	81800	6.56	66600	94400	0.1229657126
YDR324C	chr07	147600	9.72	113700	185000	-0.1247072969
YDR324C	chr07	815100	5.35	787900	869300	-0.1037996783
YDR324C	chr10	325900	10.3	302600	357300	-0.1405068128
YDR324C	chr10	497400	8.29	466000	516400	-0.1269039195
YDR324C	chr10	654600	7.44	633200	680300	-0.1115340839
YDR324C	chr11	459800	7.13	430100	510300	-0.1218679319
YDR324C	chr12	218600	11.51	174500	263300	-0.1479610785
YDR324C	chr12	647500	7.36	617400	734200	-0.1055259012
YDR324C	chr12	1059500	13.76	1039300	1059600	0.1676132846
YDR324C	chr13	223800	6.39	184800	282200	0.1078221201
YDR324C	chr13	779300	6.46	712000	818600	-0.0994258958
YDR324C	chr14	42500	14.36	0	56400	0.158975478
YDR324C	chr14	474900	9.06	457300	517000	-0.1351209601
YDR324C	chr15	170400	9.06	146800	191000	0.1312189462
YDR324C	chr15	442300	6.63	323500	468900	0.103948123
YDR324C	chr15	907000	7.83	872900	954800	-0.1183082066
YDR324C	chr16	739500	13.99	712300	790000	0.1560009333
YDR343C	chr01	41300	14.57	0	52700	-0.1596107263
YDR343C	chr04	199900	7.42	156900	241300	-0.1111041882
YDR343C	chr07	151100	6.25	92700	200700	-0.1026784717
YDR343C	chr07	485500	5.14	443200	579100	-0.1009668413
YDR343C	chr10	656900	6.6	629000	688400	-0.1193671651
YDR343C	chr12	132500	6.3	93200	169400	0.1182549803
YDR343C	chr12	650000	16.81	629900	677200	0.1786922958
YDR343C	chr15	156000	7.9	122600	184000	0.1010988871
YDR377W	chr02	534600	5.92	445100	617300	0.0965149878
YDR377W	chr05	157100	5.52	114400	208100	0.1253412511
YDR377W	chr05	404100	16.46	370100	433500	-0.1954340258
YDR377W	chr07	384600	6.42	353000	585300	0.1089178655
YDR377W	chr11	211400	14.35	181700	235100	-0.1621749111
YDR377W	chr12	652000	10.53	616500	684900	-0.1431354129
YDR377W	chr15	166100	14.21	140900	188700	-0.1766397899
YDR377W	chr15	368900	11.17	340400	439200	-0.1558247065
YDR388W	chr04	1246800	7.38	1214100	1268500	0.0803531676
YDR388W	chr05	159300	4.51	98100	322500	0.0568767933
YDR388W	chr12	252400	5.14	213200	317400	-0.1000801733
YDR388W	chr12	1013200	5.36	989300	1059600	0.0888604559
YDR496C	chr07	127800	8.03	96300	161600	-0.1197959328
YDR496C	chr12	903700	5.24	866000	944700	-0.1055542649
YDR496C	chr13	133600	5.4	109700	165900	0.1008672483
YDR496C	chr15	174900	11.25	110800	193300	0.1429801564
YEL002C	chr02	215800	4.72	131900	262000	0.1023300035
YEL002C	chr15	117100	5.14	59000	179400	0.1047472473
YER062C	chr01	44200	16.13	30100	62000	0.183322398
YER062C	chr02	406500	11.55	369900	445300	-0.1475099217
YER062C	chr04	629000	6.45	557500	679900	-0.1073892719
YER062C	chr05	198500	9.25	157800	218000	0.1549359553
YER062C	chr05	387300	7.08	353900	422000	-0.1305034902
YER062C	chr07	490900	6.77	445900	562200	0.1043691804
YER062C	chr08	103900	13.42	83300	120900	0.1742747357
YER062C	chr10	144600	12.66	114700	171800	-0.1613395058
YER062C	chr12	170000	6.19	126700	224000	-0.1204167609
YER062C	chr12	1042600	5.58	973700	1059600	0.1110741539
YER062C	chr13	86900	15.8	39500	112500	0.1715527446
YER062C	chr14	460500	8.92	434400	503400	0.1456956882
YER062C	chr15	156000	26.13	141600	176300	-0.2331472761
YER062C	chr16	515500	9.72	458500	545300	-0.1392027691
YER068W	chr14	429900	4.61	319300	500100	-0.0876667991
YER068W	chr15	156000	5.23	105200	246300	0.1183557991
YER069W	chr01	143500	7.57	112700	164900	-0.1434551116
YER069W	chr02	223500	10.62	184700	258800	0.1442817366
YER069W	chr04	1381000	6.67	1336400	1468000	-0.1173040705
YER069W	chr05	393900	9.87	353600	432800	0.1412259702
YER069W	chr06	35700	6.46	0	81300	0.1160469165
YER069W	chr07	130500	4.6	91500	162100	-0.0825328953
YER069W	chr07	515500	5.09	464400	593100	0.0965799538
YER069W	chr10	648300	12.4	631400	674000	-0.1649651837
YER069W	chr12	644000	8.38	625400	675200	-0.1422865496
YER069W	chr13	70800	5.56	46600	145200	0.1091683498
YER069W	chr13	439100	10.5	419700	469500	0.1392863268
YER069W	chr13	688200	12.31	660700	704800	0.1581421111
YER069W	chr14	430500	6.23	369700	467100	-0.1350457968
YER069W	chr15	585100	7.45	548800	606200	-0.1170067988
YER069W	chr16	493200	7.29	467000	567500	0.126169216
YER148W	chr01	35600	10.3	0	60700	-0.139116057
YER148W	chr01	205700	4.92	154200	207300	-0.0986521068
YER148W	chr04	95500	7.87	0	126200	-0.1141738996
YER148W	chr05	123000	7.24	91300	177000	0.1297010011
YER148W	chr05	447500	10.81	421100	472900	0.1729037363
YER148W	chr06	146400	6.77	88500	172100	-0.1277620236
YER148W	chr07	217500	5.8	116000	290700	-0.1014498864
YER148W	chr09	305600	5.66	267200	374400	-0.1067622189
YER148W	chr14	436300	17.04	420000	460400	-0.1833245281
YER148W	chr16	464000	4.59	423400	530400	-0.0984378998
YFL016C	chr05	307300	5.39	219400	383400	0.0867699102
YFL016C	chr07	379100	4.55	317800	611500	0.0956374007
YFL016C	chr10	149500	9.56	125800	183500	-0.1433628593
YFL016C	chr12	97300	5.52	48800	139600	0.1060456594
YFL016C	chr12	668700	6.14	622900	731700	-0.1022969188
YFL016C	chr13	117200	10.95	48400	146900	0.1283221419
YFL016C	chr14	460600	27.24	438000	478900	-0.242297897
YFL016C	chr15	525000	5.05	477300	598300	-0.1016514452
YFR024C-A	chr06	269800	5.16	239700	269900	-0.058899355
YFR024C-A	chr12	262500	5.26	229300	301300	-0.1216165585
YFR024C-A	chr12	1051700	6.16	1018000	1059600	0.1139353683
YFR024C-A	chr13	132500	6.51	112200	179800	0.090499434
YFR040W	chr12	257700	6.98	238200	297000	-0.1133049004
YFR040W	chr15	181900	6.25	147000	203400	0.1136343465
YFR056C	chr08	97400	8.8	62300	118000	0.1500016873
YGL009C	chr02	193700	10.39	152500	227800	0.1411595316
YGL009C	chr02	449400	6.26	341900	476000	0.1019866947
YGL009C	chr02	685800	11.13	671400	704900	0.1758960654
YGL009C	chr05	398700	7.76	361300	441900	0.1354824218
YGL009C	chr08	175500	9.44	157300	193200	0.1512789269
YGL009C	chr08	435200	8.63	406900	454400	0.1361897294
YGL009C	chr09	101800	4.69	68700	156800	-0.0864610771
YGL009C	chr12	676800	123.29	666500	685200	-0.5733599515
YGL009C	chr12	1036400	27.79	1018100	1050400	-0.2240782306
YGL009C	chr13	61200	17	49600	81000	0.1890522079
YGL009C	chr14	508000	125.04	500300	516700	0.543627043
YGL009C	chr15	170500	20.69	150800	185800	0.207645931
YGL009C	chr15	520300	7.44	487300	545600	-0.1184351041
YGL009C	chr16	357800	7.15	312700	426800	-0.1144839984
YGL022W	chr12	253700	4.74	205900	299000	-0.099672986
YGL026C	chr05	298100	9.79	252400	345800	0.1437982123
YGL026C	chr08	425000	6.27	372900	459600	-0.1075625597
YGL026C	chr13	84300	12.12	46200	130600	0.1344387751
YGL026C	chr14	456900	18.47	437900	475600	0.2186843467
YGL026C	chr15	125900	7.08	71000	163700	0.1102215956
YGL055W	chr01	40100	24.37	27800	53700	-0.2148510141
YGL055W	chr05	312400	7.53	272800	363200	0.1131036669
YGL055W	chr07	541700	6.56	452700	561900	0.1145934478
YGL055W	chr12	230300	5.16	130800	266800	-0.1138535121
YGL055W	chr12	655300	89.93	645800	668200	-0.4363188258
YGL055W	chr13	123900	6.24	40500	144600	0.1296590171
YGL055W	chr14	480300	13.4	443900	524500	0.1510810876
YGL078C	chr01	39000	10.66	0	69000	-0.1499046425
YGL078C	chr02	147900	5.5	0	204300	0.1074202976
YGL078C	chr05	173500	9.28	129300	205700	-0.1215889038
YGL078C	chr12	921700	7.33	886000	942900	-0.1270200747
YGL078C	chr14	469700	4.77	433100	539700	-0.1042698796
YGL078C	chr15	154000	17.13	145000	168100	0.2272809559
YGL147C	chr01	45600	10.46	0	58800	-0.1529242109
YGL147C	chr02	133200	13.05	105700	153300	0.1644933315
YGL147C	chr04	764900	7.43	713200	802600	-0.1181252684
YGL147C	chr05	201500	9.05	169100	235500	-0.139335693
YGL147C	chr15	168800	22.64	132000	181100	0.2095270837
YGL195W	chr01	33000	6.31	0	63700	-0.1142375245
YGL195W	chr05	202500	5.05	99400	239700	-0.1053110556
YGL195W	chr11	244400	7.44	214000	269900	-0.1318830297
YGL195W	chr14	457700	94.83	451000	466800	0.4779539557
YGL195W	chr15	146400	6.13	94900	198000	0.1114350508
YGL195W	chr15	899500	6.01	858300	930800	0.1186446614
YGL202W	chr04	1463800	10.25	1419300	1481600	-0.1610585962
YGL202W	chr08	422200	21.48	391100	448500	-0.1973176751
YGL202W	chr13	66400	14.63	46100	141300	0.1643255908
YGL202W	chr14	258500	4.56	199200	315800	-0.0908568336
YGL253W	chr01	43200	17.48	0	57100	-0.1989501788
YGL253W	chr05	200600	21.3	185800	222900	-0.2184843063
YGL253W	chr05	398200	8.29	363700	432600	0.1561921285
YGL253W	chr12	648600	10.74	625300	674100	0.1571409808
YGL253W	chr12	904400	6.37	877100	1001200	-0.1123306135
YGL253W	chr13	117900	6.13	84100	154300	0.1116314177
YGL253W	chr14	245300	6.44	200800	300100	-0.120798613
YGL253W	chr14	462700	8.58	442400	495900	0.1354815463
YGL253W	chr15	165100	36.03	152800	179500	0.2807774911
YGL253W	chr15	487800	4.72	367200	617300	0.0984137633
YGL253W	chr16	532100	7.59	505600	561900	0.133487042
YGR027C	chr01	40800	6.1	0	63600	-0.1321924
YGR027C	chr02	105900	18.38	86300	133300	0.2364678564
YGR027C	chr12	664400	8.27	632900	781100	-0.1432853907
YGR027C	chr14	444100	13.09	426300	481200	-0.1888341709
YGR036C	chr12	268800	7.77	250900	325700	-0.1298305471
YGR036C	chr12	1052800	12.69	1037400	1059600	0.1744434668
YGR036C	chr14	467000	10.38	445700	486100	-0.1385033891
YGR036C	chr15	175600	8.34	135700	195900	0.148413897
YGR086C	chr01	38800	12.35	0	53400	0.1628032035
YGR086C	chr02	382700	6.55	355400	414800	-0.1211234096
YGR086C	chr04	630800	23.38	605100	650000	-0.2155684932
YGR086C	chr05	190900	6.93	127200	229000	0.1201372627
YGR086C	chr10	144400	6.75	81800	185100	-0.1170829869
YGR086C	chr10	661300	7.36	642000	695800	0.1206664951
YGR086C	chr11	213300	8.11	113000	259800	0.1243731206
YGR086C	chr12	156900	5.71	118100	203100	-0.1153131149
YGR086C	chr12	920900	5.37	883700	993300	0.1049035546
YGR086C	chr13	105000	11.22	80500	131300	0.136341448
YGR086C	chr14	455800	6.89	429500	483600	0.1169596009
YGR086C	chr15	169500	73.05	162700	176100	-0.4032839996
YGR157W	chr01	31400	5.88	0	59600	-0.087714535
YGR157W	chr08	88800	10.1	62700	115400	0.1586835748
YGR157W	chr14	232700	8.73	191500	257300	-0.1138015146
YGR157W	chr15	159400	7.53	129900	189700	0.1119069691
YGR192C	chr01	28200	5.53	0	77600	-0.0914330794
YGR192C	chr02	180600	4.91	91200	260400	0.0870778534
YGR192C	chr10	139900	8.31	123000	176200	-0.1326336849
YGR192C	chr10	647400	5.04	596500	681700	-0.0995512627
YGR192C	chr11	267200	22.12	254600	277900	-0.2499885203
YGR192C	chr12	648700	52.1	637600	658600	0.3571872128
YGR192C	chr14	456200	10.64	435200	473900	0.1404794652
YGR192C	chr15	163300	35.1	153600	175200	0.2762716915
YGR204W	chr02	136100	9.56	96000	190600	0.1342414694
YGR204W	chr05	193000	7.46	147900	218300	-0.1206343524
YGR204W	chr07	159300	6.36	97900	235400	-0.104416881
YGR204W	chr08	103900	12.55	84800	125500	-0.1667480626
YGR204W	chr12	652800	6.81	628600	715600	-0.1291990267
YGR204W	chr13	70800	5.64	40700	117700	0.1003967501
YGR204W	chr14	457700	44.1	444500	471700	0.3187355513
YGR204W	chr15	147300	5.33	106200	204200	0.1020291462
YGR204W	chr16	206500	5.35	169800	272200	0.1052183244
YGR209C	chr01	38500	4.93	0	78600	0.0914458167
YGR209C	chr02	120300	5.47	83100	168900	0.1100676086
YGR209C	chr02	374500	10.51	359500	406100	-0.1592049494
YGR209C	chr04	215100	7.49	193700	250100	-0.1155784014
YGR209C	chr04	370900	8.67	329600	439100	-0.0979177201
YGR209C	chr04	755100	5.53	630800	809600	-0.0978228846
YGR209C	chr08	527600	7.94	496900	527600	0.1251905828
YGR209C	chr10	160800	6.55	133100	193200	-0.1290197544
YGR209C	chr12	192600	4.81	151100	240100	-0.0978644413
YGR209C	chr12	647000	89.95	639300	657600	0.442642752
YGR209C	chr13	135000	11	93300	171600	0.1194885288
YGR209C	chr14	424300	9.51	323400	487500	0.1035944666
YGR209C	chr15	589700	8.65	561400	634300	0.114862863
YGR209C	chr16	206200	7.26	172000	233900	-0.1423667107
YGR218W	chr06	42100	6.92	0	65200	0.1313285585
YGR218W	chr06	156600	7.54	123100	192500	0.1301104577
YGR218W	chr07	721900	8.8	675100	783100	0.1104594196
YGR218W	chr10	126700	10.34	93100	198700	0.1249613629
YGR218W	chr12	1037800	7.75	1007000	1059600	0.1397483795
YGR218W	chr13	282800	6.02	251700	377200	-0.1092087061
YGR218W	chr14	450600	13.9	420400	494300	0.1962833668
YGR218W	chr16	325100	8.35	280600	357000	0.1235341419
YGR229C	chr02	125600	6.29	103500	180800	0.1226691314
YGR229C	chr12	651700	8.88	631300	683200	-0.1423360332
YGR229C	chr14	473300	15.46	448600	493900	-0.1860745239
YGR234W	chr08	107800	14.11	83000	127900	0.1692661146
YGR234W	chr11	251100	15.67	220100	267700	-0.1791955269
YGR234W	chr12	661800	222.11	655300	670500	-0.9073932339
YGR234W	chr13	265300	15.33	236700	315400	0.1696916015
YGR234W	chr14	252100	7.36	220900	293200	-0.1140693545
YGR234W	chr14	463300	38.57	449000	474800	-0.2870767235
YGR234W	chr15	163600	8.75	134200	188300	0.1411399624
YGR244C	chr02	386000	5.67	362200	426200	-0.1246322644
YGR244C	chr12	663300	20.06	640200	685800	-0.2159536742
YGR244C	chr14	458300	9.16	431600	482400	-0.1612874987
YGR244C	chr15	158800	6.04	126900	187300	-0.10732817
YGR247W	chr08	106600	6.35	76000	132200	0.1155402505
YGR247W	chr12	1057100	6.52	1005800	1059600	0.1298807719
YGR247W	chr13	65000	18.64	48700	83300	0.1916600059
YGR247W	chr15	174300	4.6	106100	208400	0.079709884
YHL011C	chr02	124600	5.12	78100	201000	0.0905769592
YHL011C	chr13	131100	8.75	104200	175900	0.1298091504
YHL011C	chr14	253000	7.47	213700	297800	-0.1193765527
YHL011C	chr14	481100	7.64	433700	510900	-0.1253527864
YHL011C	chr15	169500	6.54	113900	202100	0.1169433124
YHR027C	chr14	466900	22.59	441200	484700	0.2296980774
YIR012W	chr01	33600	6.42	0	60700	-0.1082717403
YIR012W	chr12	663300	8.54	634200	686100	-0.1452752886
YIR012W	chr15	166000	15.38	154000	178900	0.1840135361
YIR022W	chr12	658700	5.47	620500	693700	0.1165039149
YIR022W	chr15	163100	12.4	141100	182100	0.1638366305
YJL052W	chr01	35300	17.76	0	55900	0.1994186752
YJL052W	chr02	401400	6.58	367700	452500	-0.1183445751
YJL052W	chr04	220900	7.31	173000	266100	-0.1101728735
YJL052W	chr05	214000	22.21	192000	237900	0.2022559929
YJL052W	chr05	312300	24.41	279600	332300	0.2009696716
YJL052W	chr07	133500	8.84	92900	168800	0.1283545312
YJL052W	chr07	534500	7.73	489900	569300	0.1187907118
YJL052W	chr09	131400	25.08	119600	148800	0.2450251345
YJL052W	chr10	138000	5.81	102800	170100	-0.1056178624
YJL052W	chr12	164900	6.24	105400	221200	-0.122233699
YJL052W	chr12	651100	6.14	603500	684200	0.1054926735
YJL052W	chr13	301800	64.6	290900	322300	0.3819356117
YJL052W	chr14	498600	6.2	399100	555300	0.1043136455
YJL052W	chr15	178200	4.66	133800	200800	-0.1178545692
YJL052W	chr16	486400	15.24	429900	504300	-0.1765657405
YJL078C	chr05	309400	8.48	272500	368000	0.1265382189
YJL078C	chr08	114400	11.86	81800	139800	-0.1382142292
YJL078C	chr10	193400	5.63	114500	233400	0.086603576
YJL078C	chr12	262800	9.49	246800	285700	-0.1452518793
YJL078C	chr12	795800	9.92	769200	828400	-0.135122229
YJL117W	chr01	35400	4.8	0	65900	-0.1062108001
YJL117W	chr02	165700	5.18	92200	240400	0.0949445022
YJL117W	chr08	417100	4.56	353900	474600	0.0797548871
YJL117W	chr10	53200	31.25	43700	69900	-0.2715020904
YJL117W	chr12	669400	7.86	629400	703800	-0.1474689267
YJL117W	chr13	26300	68.82	0	36500	0.4201519389
YJL117W	chr15	154600	10.77	130400	186200	0.151083021
YJL130C	chr01	28600	8.87	0	61400	-0.1410338514
YJL130C	chr02	135600	5.71	103400	217400	0.1023428613
YJL130C	chr12	644100	4.52	602600	692700	0.1061692035
YJL130C	chr14	484600	17.6	457100	508300	-0.1994757184
YJL130C	chr15	178800	10.61	146200	203100	0.1425920099
YJL130C	chr15	859100	7.24	831800	903400	0.1152301717
YJL151C	chr04	214900	4.73	171300	296700	-0.0970877566
YJL151C	chr07	447300	4.76	375200	507300	0.0974398092
YJL151C	chr10	49300	5.48	0	87500	-0.1019799727
YJL151C	chr13	47700	14.57	0	114800	0.1555022532
YJL192C	chr08	92900	4.78	58700	136600	0.1124371851
YJL192C	chr15	143600	6.59	118500	178300	0.1193730112
YJL201W	chr14	446400	6.99	423300	488800	-0.1099387347
YJL201W	chr15	192200	4.69	128500	236100	0.101468332
YJR048W	chr05	389100	8.74	358800	435000	-0.1332261122
YJR048W	chr08	100800	9.78	79500	119800	0.1520733087
YJR048W	chr08	409100	5.11	362600	476900	-0.0965647879
YJR048W	chr11	238100	7.76	211100	261000	-0.1461117585
YJR048W	chr12	655600	197.09	649200	662600	-0.8410682667
YJR048W	chr13	411100	28.95	399500	429800	-0.2671024028
YJR048W	chr14	463200	40.58	449100	472100	-0.2805611152
YJR070C	chr01	36700	5.61	0	62900	-0.0986380688
YJR070C	chr02	133100	5.05	89000	236400	0.0908194666
YJR070C	chr07	234900	4.64	80600	312200	-0.0946162638
YJR070C	chr10	148900	6.1	111200	189400	-0.1187243313
YJR070C	chr11	235700	5.26	190500	283800	-0.1021211204
YJR070C	chr12	635500	11.91	602600	663600	0.1590974279
YJR070C	chr13	68600	19.39	50200	90500	0.1813563313
YJR070C	chr14	244600	7.25	221900	285800	-0.124819054
YJR070C	chr15	174200	12.3	133400	188400	0.1582119774
YJR072C	chr01	40300	5.87	0	71200	-0.0991003134
YJR072C	chr14	470100	7.4	434000	513300	-0.1216484931
YJR072C	chr15	163600	10.36	140100	184000	0.1547075369
YJR076C	chr08	95200	4.99	65700	135000	0.1118853821
YJR105W	chr02	152800	15.82	121700	168700	0.1853120568
YJR105W	chr05	268100	5.2	229000	308500	0.1012493817
YJR105W	chr11	237500	4.67	170000	286400	-0.0889317075
YJR105W	chr12	668500	27.11	648400	676500	-0.2393289083
YJR105W	chr15	130600	6.79	78800	172400	0.1095814743
YJR109C	chr01	51300	8.17	0	69000	-0.149075408
YJR109C	chr02	432700	10.4	411100	468600	0.1463436958
YJR109C	chr04	216100	5.77	180200	268800	0.126844785
YJR109C	chr04	1461000	11.75	1439400	1484000	-0.1852911115
YJR109C	chr05	374500	15.95	351600	404700	0.2021242858
YJR109C	chr08	178400	11.48	155800	217100	0.1778527814
YJR109C	chr08	433800	16.8	412500	452800	-0.2009956332
YJR109C	chr12	659600	19.02	632800	678100	0.2124895653
YJR109C	chr12	1031500	5.93	1003300	1059600	0.1121099453
YJR109C	chr13	68100	9.63	24500	143200	0.1812632905
YJR109C	chr14	465000	70.15	454000	478000	0.4982970426
YJR109C	chr15	174400	8.13	136700	196000	0.1335760947
YJR121W	chr01	145700	5.39	117600	185900	-0.1083654389
YJR121W	chr04	0	5.79	0	128100	-0.2079260592
YJR121W	chr04	205900	5.01	164400	235000	-0.1135005711
YJR121W	chr05	401300	6.3	358600	475800	-0.1072547007
YJR121W	chr08	114600	5.78	68400	143100	0.1245593351
YJR121W	chr10	504300	6.45	430300	533500	0.1202175745
YJR121W	chr11	250700	23.7	227400	262400	-0.2052819993
YJR121W	chr12	661600	39.92	644200	671500	-0.2967940703
YJR121W	chr14	460400	104.94	450500	469300	-0.5157734878
YJR121W	chr15	170500	25.85	150700	179700	-0.2180300264
YKL029C	chr01	28000	5.93	0	59600	-0.1231165055
YKL029C	chr02	676200	7.14	573100	707800	-0.1242362712
YKL029C	chr07	131100	17.49	110300	158500	-0.1723964959
YKL029C	chr07	511700	7.27	470900	549100	0.1183776388
YKL029C	chr10	150000	6.1	108300	176600	-0.113844009
YKL029C	chr12	127900	5.56	101000	155100	0.1138740487
YKL029C	chr12	662800	24.58	648100	673500	-0.230082338
YKL029C	chr13	90500	29.67	63800	109800	0.232107022
YKL029C	chr14	509000	13.06	493100	538100	0.1761323663
YKL029C	chr15	170400	24.4	152700	187200	0.2186907498
YKL035W	chr01	40600	4.8	0	61500	0.0864690778
YKL035W	chr02	400300	6.32	356500	442900	-0.1047001845
YKL035W	chr04	593200	9.48	556000	658600	-0.1412857139
YKL035W	chr07	141300	5.63	66500	191300	0.1027503866
YKL035W	chr07	556600	5.15	504500	606100	0.0946592604
YKL035W	chr08	149500	4.65	68100	173800	0.1312660508
YKL035W	chr11	98400	10.49	68500	163800	0.125160351
YKL035W	chr12	140800	14.99	118900	180800	-0.1837863585
YKL035W	chr12	632100	14.93	614100	669500	0.1652918756
YKL035W	chr12	969500	8.03	940000	999800	0.1470865434
YKL035W	chr14	466900	26.46	448300	483000	0.2511974943
YKL035W	chr15	158600	32.11	144600	179500	-0.2704768313
YKL035W	chr16	185500	7.98	154700	265800	-0.1520794897
YKL035W	chr16	499500	12.86	455400	545600	-0.1385823033
YKL054C	chr02	177400	5.63	151100	218600	0.0973109076
YKL054C	chr04	174800	6.13	145300	227600	-0.1184619335
YKL054C	chr05	210500	6.29	150300	237600	-0.100588005
YKL054C	chr05	365600	5.49	290800	519500	-0.0917454145
YKL054C	chr08	90300	15.41	78000	105900	0.2004303168
YKL054C	chr11	244200	4.7	188100	299800	-0.1321357081
YKL054C	chr12	643600	6.57	622100	718200	-0.1264286369
YKL054C	chr14	441300	8	270300	489300	-0.1094444807
YKL081W	chr01	29500	10.23	0	64600	-0.1335509086
YKL081W	chr02	120800	23.48	106500	137300	0.2242162383
YKL081W	chr05	189100	6.06	139800	251300	-0.1075682843
YKL081W	chr07	384300	9.03	354700	409600	0.132749368
YKL081W	chr07	874400	5.26	820900	916800	0.1000603695
YKL081W	chr12	646500	5.1	6.00E+05	691000	0.1158678371
YKL081W	chr13	54100	10.13	0	72700	-0.1331880637
YKL085W	chr01	38700	10.37	0	55000	0.1504938065
YKL085W	chr02	388600	5.82	331100	415100	-0.1046277325
YKL085W	chr04	231500	8.52	208000	255200	-0.1339435161
YKL085W	chr04	421500	12.34	388500	458700	-0.1465885773
YKL085W	chr05	194300	4.94	149200	226900	0.1064328364
YKL085W	chr05	379200	14.51	362000	430800	-0.1830826506
YKL085W	chr07	512100	6.25	468600	567400	0.1126200144
YKL085W	chr08	145000	7.84	103000	180800	0.1246744587
YKL085W	chr09	211100	5.2	177100	260200	0.1104419309
YKL085W	chr10	525900	10.32	423700	548900	0.1525054897
YKL085W	chr11	233800	17.13	218800	246500	-0.2147136336
YKL085W	chr12	137000	9.85	113600	219100	-0.1468044563
YKL085W	chr12	644800	5.76	606500	713700	-0.1131752704
YKL085W	chr13	85900	18.64	60200	127800	0.1820218818
YKL085W	chr13	307700	11.29	267600	336400	0.1550772363
YKL085W	chr15	161100	69.43	152900	173000	-0.3945433924
YKL085W	chr15	472500	8.61	433900	547000	-0.1303946895
YKL160W	chr12	1040500	5.66	1013800	1059600	0.1091484226
YKL160W	chr13	109400	6.14	51100	140300	0.0948235415
YKL160W	chr15	147700	9.02	118600	172400	0.13694456
YKL167C	chr14	454600	11.13	431000	487400	-0.1473732286
YKR014C	chr13	135900	5.86	65800	167700	0.1005523319
YKR059W	chr02	142700	27.45	127600	159600	0.2345105604
YKR059W	chr03	105000	5.93	81500	157000	0.1166917529
YKR059W	chr04	960900	5.7	926200	1015500	-0.1068887276
YKR059W	chr05	507400	7.95	442500	566700	-0.1183441573
YKR059W	chr06	246400	5.24	212800	269900	-0.1101666958
YKR059W	chr08	248600	4.85	213800	300800	-0.0939588694
YKR059W	chr08	442700	5.44	391000	479000	0.116124783
YKR059W	chr12	253900	7.5	227000	301500	-0.1108504429
YKR059W	chr12	760100	5.93	701100	820600	-0.096020963
YKR059W	chr13	23300	6.21	0	57500	-0.1103351258
YKR059W	chr14	264200	4.66	197800	324200	-0.0904203145
YKR080W	chr02	259100	4.64	193800	313800	0.0850007779
YKR080W	chr02	456600	5.61	431400	478600	0.1232047988
YKR080W	chr04	1464100	16.57	1446300	1484300	-0.1913161229
YKR080W	chr05	198400	6.02	180500	232500	-0.1246207251
YKR080W	chr07	156500	5.79	105700	185200	-0.1099565735
YKR080W	chr08	167900	30.26	160200	182400	-0.2721764854
YKR080W	chr10	251000	5.27	190900	285800	0.1118578801
YKR080W	chr10	656300	24.45	637700	670900	-0.2297054894
YKR080W	chr13	103800	30.31	74700	129300	0.2505012817
YKR080W	chr14	232800	10.48	191700	288000	-0.1408336052
YKR080W	chr14	597100	6.46	566400	631300	-0.1175888899
YKR080W	chr15	227800	5.41	138000	263300	0.1030333641
YKR080W	chr15	902900	4.6	863200	944800	0.1089113214
YLL009C	chr02	163500	4.55	80600	229600	0.0806792207
YLL026W	chr01	43500	37.12	31500	49600	0.284303486
YLL026W	chr01	158900	6.97	137500	207300	-0.1202753506
YLL026W	chr02	124100	9.03	91600	153200	-0.1309731239
YLL026W	chr02	370300	11.28	357200	419100	-0.1515330138
YLL026W	chr04	45900	16.31	0	75500	-0.1760928761
YLL026W	chr04	408800	10.08	372300	444500	-0.1324110987
YLL026W	chr05	199500	10.33	182600	232200	0.1343781458
YLL026W	chr06	126600	5.89	94400	157800	-0.1132309511
YLL026W	chr07	374700	44.88	359200	387000	0.3007464248
YLL026W	chr08	164600	4.54	70400	252600	0.0832003203
YLL026W	chr08	427300	6.29	399300	463900	0.1085043514
YLL026W	chr09	219000	6.7	191100	251200	0.1275317026
YLL026W	chr10	670900	18.06	655300	686600	0.1863809987
YLL026W	chr11	131800	10.35	116800	150600	0.1622515541
YLL026W	chr12	193700	5.71	146600	222700	-0.0971086927
YLL026W	chr12	592300	9.83	565300	673100	0.1208742768
YLL026W	chr12	971500	5.11	939200	1012500	0.1073558479
YLL026W	chr13	423600	8.21	388800	479400	-0.132606237
YLL026W	chr14	497100	58.16	488300	507700	0.3480393415
YLL026W	chr15	168300	77.34	160200	175600	-0.4062948384
YLL026W	chr16	170700	12.24	146700	203000	-0.1698035956
YLL026W	chr16	443600	4.6	367700	469900	-0.0995207746
YLL028W	chr02	175700	5.1	92500	236400	0.0870602188
YLL028W	chr05	191600	13.02	166200	234600	-0.1654215389
YLL028W	chr07	130200	6.49	86700	182900	-0.1134347381
YLL028W	chr07	475300	51.83	467000	486900	-0.3451670366
YLL028W	chr10	160900	10.83	125500	217500	0.1507656193
YLL028W	chr13	65500	10.95	33700	101300	0.1376554067
YLL028W	chr14	457000	5.12	411600	491900	0.1020355527
YLL028W	chr15	162300	191.31	154800	169500	-0.8613829258
YLL028W	chr15	612800	8.35	557300	648900	0.1320350799
YLR043C	chr02	129100	5.11	95500	174900	0.1041010917
YLR043C	chr11	201800	5.88	134900	258500	-0.1075455976
YLR043C	chr13	119400	14.1	55800	141400	0.1575397438
YLR043C	chr14	469000	4.64	429500	529600	0.0955581673
YLR075W	chr02	128400	10.73	97600	197000	0.1462509783
YLR075W	chr05	216300	7.65	176300	250500	-0.1348096284
YLR075W	chr07	147300	8.31	107300	180400	-0.1326730186
YLR075W	chr10	150500	5.45	113800	185400	-0.1128358873
YLR075W	chr10	645100	5.26	594000	691300	-0.0910488855
YLR075W	chr12	133200	4.69	49400	196900	0.0908336779
YLR075W	chr12	693300	6.51	645300	763900	-0.1120843509
YLR075W	chr14	463800	55.83	452000	475400	-0.3577376091
YLR075W	chr15	159100	30.22	141300	178500	0.2484262953
YLR153C	chr01	36000	5.76	0	65900	-0.0988056197
YLR153C	chr05	205100	5.55	173600	272000	-0.1143374272
YLR153C	chr10	147600	11.25	107500	170100	-0.1402345444
YLR153C	chr11	268800	20.97	257500	280400	-0.2198077083
YLR153C	chr12	655300	209.27	649900	661300	-0.7948385566
YLR153C	chr14	459300	31.47	443800	474800	0.2695097246
YLR153C	chr15	166500	17.9	133100	183700	0.1794011978
YLR179C	chr02	138800	5.49	97100	179800	0.0987964098
YLR179C	chr05	222200	4.6	139900	435400	-0.1055699269
YLR179C	chr08	179100	10.42	149900	208200	-0.1352880305
YLR179C	chr10	170500	5.02	129200	247600	0.1024696459
YLR179C	chr11	220100	4.64	121600	263200	-0.0916621702
YLR179C	chr12	661100	197.02	654100	667200	0.7089125591
YLR179C	chr15	148700	16.68	132400	167000	0.1790754326
YLR244C	chr07	131100	9.88	107300	170000	-0.1317598081
YLR244C	chr08	132800	10.77	109400	152200	0.1485749349
YLR244C	chr10	150400	7.02	120900	176700	-0.1275104874
YLR244C	chr13	56100	12.28	38500	78700	0.1540135119
YLR244C	chr14	461300	5.46	397500	488900	-0.1113920645
YLR244C	chr15	165000	15.27	141200	185900	0.1727719352
YLR295C	chr05	389000	22.26	366500	405900	-0.2077550766
YLR295C	chr11	239400	47.82	228100	248600	-0.3479620069
YLR295C	chr12	648600	7.85	623200	671800	-0.1400274411
YLR295C	chr14	458300	32.04	445100	468500	-0.2725425518
YLR295C	chr15	171800	8.61	145800	191800	-0.1414744415
YLR295C	chr15	501200	6.52	441000	624200	-0.1130394766
YLR325C	chr07	141000	7.33	84900	178600	-0.1101285484
YLR325C	chr14	462400	17.27	448900	475400	-0.1774555911
YLR325C	chr15	154600	26.2	136700	176200	0.2364177053
YLR372W	chr02	144900	9.75	121100	172900	0.1496925298
YLR372W	chr08	119400	8.78	75300	147500	0.1328095402
YLR372W	chr12	657200	4.89	550300	694200	0.0980140038
YLR372W	chr15	157200	20.95	137100	181500	0.1971435537
YLR413W	chr01	38400	101.93	33500	46600	0.5041529914
YLR413W	chr02	173900	5.38	104700	198400	0.1163081346
YLR413W	chr02	381200	10.73	361300	404300	-0.147782273
YLR413W	chr04	1003200	5.63	893800	1043900	0.0760587926
YLR413W	chr07	118200	5.23	86500	162000	-0.09299939
YLR413W	chr07	413000	96.05	403600	420800	-0.4668453107
YLR413W	chr10	127100	6.81	0	155900	0.120920636
YLR413W	chr12	652400	115.82	644500	660900	0.5385191423
YLR413W	chr12	910500	7.39	888600	940300	0.1166549154
YLR413W	chr13	50700	5.09	0	126600	0.0986598996
YLR413W	chr13	412100	45.2	396100	427200	-0.3161409592
YLR413W	chr15	155700	25.46	139800	168100	0.233098302
YLR413W	chr15	608500	12.06	584500	667500	0.1455368994
YLR413W	chr16	567300	4.89	523700	651200	0.1027784077
YLR438W	chr04	1421600	5.16	1367300	1523200	-0.1028102755
YLR438W	chr05	262400	23.53	231200	278100	0.2021846709
YLR438W	chr07	509800	7.25	455900	575800	0.1081163145
YLR438W	chr08	81500	10.79	64000	124700	0.1598846981
YLR438W	chr12	250300	5.79	165700	298000	-0.0940696755
YLR438W	chr12	662300	5.85	560700	721400	-0.0905594441
YLR438W	chr13	112600	46.66	93500	131200	0.3336317741
YLR438W	chr14	16200	4.77	0	81300	0.087366235
YLR438W	chr14	480600	25.88	462600	508600	0.2459857292
YLR438W	chr16	498800	15.11	482900	524500	-0.1711202672
YML010W	chr01	54500	5.56	0	80500	-0.1113742461
YML010W	chr10	629000	5.87	564500	688900	-0.0838175351
YML010W	chr12	239500	6	217800	264100	-0.1274049038
YML010W	chr12	647100	18.13	632700	661800	0.2050396629
YML010W	chr14	449200	4.82	415300	487400	0.1085475668
YML024W	chr02	137200	38.83	123800	148800	0.3014734425
YML024W	chr07	147300	6.68	103900	202700	-0.0975543449
YML024W	chr10	129000	8.97	107900	156300	-0.1426610245
YML024W	chr12	654800	19.3	639100	677500	-0.2180870917
YML024W	chr13	28400	10.79	0	64100	-0.1508540513
YML024W	chr14	262600	11.13	228400	287000	-0.1470813377
YML024W	chr14	475100	18.55	444300	496000	-0.1883913861
YML024W	chr15	155100	18.7	137100	171200	0.1972998726
YML070W	chr01	31700	7.82	0	52800	0.1399453445
YML070W	chr04	400700	6.86	350700	497800	-0.1167277155
YML070W	chr10	156400	8.9	129300	176500	-0.146538301
YML070W	chr15	161800	9.33	146500	186300	-0.1301982241
YML106W	chr02	137100	6.07	112700	179700	0.1414469415
YML106W	chr04	1036700	7.93	984500	1069700	0.1254312944
YML106W	chr05	502600	9.03	460600	527500	-0.1538426288
YML106W	chr12	707600	8.51	652100	735100	-0.1154480939
YML106W	chr13	71000	15.58	58500	98600	0.1459980517
YML106W	chr14	464600	22.33	448900	480100	-0.2569955996
YML106W	chr15	873500	5.09	820300	941300	0.1220951738
YMR067C	chr14	470100	6.65	424600	521800	-0.1156303504
YMR072W	chr08	102400	7.46	68400	134600	0.1256911927
YMR072W	chr13	98700	6.21	46100	138000	0.1094435041
YMR072W	chr14	470600	5.22	439500	515700	0.0990339891
YMR142C	chr02	133600	11.02	108400	169200	0.1481391201
YMR142C	chr14	464800	29.06	448100	482000	-0.2425823907
YMR142C	chr15	167400	5.39	124600	193900	0.1047255687
YMR177W	chr05	400800	5.54	368700	448400	-0.105160329
YMR177W	chr08	84600	10.75	70500	106100	0.163906015
YMR177W	chr12	485400	5.78	411800	518700	-0.1114768963
YMR177W	chr13	437400	7.41	411500	476000	-0.1170175812
YMR177W	chr15	160700	11.85	127000	179600	0.1535196859
YMR315W	chr01	41600	17.24	0	55200	0.1901166365
YMR315W	chr04	408200	11.06	378300	499100	-0.1398946441
YMR315W	chr07	534500	7.6	442400	608200	0.0991603555
YMR315W	chr08	436700	31.24	417300	463500	-0.2572656876
YMR315W	chr10	154300	12.23	134800	178100	0.1706874845
YMR315W	chr10	645900	4.82	612200	694100	0.1032834665
YMR315W	chr11	123800	10.22	98000	143600	0.1595488599
YMR315W	chr12	152500	9.96	108500	188000	-0.1509844971
YMR315W	chr12	598300	22.05	578400	618900	0.2092177429
YMR315W	chr13	100500	8.13	65200	135200	0.1103635711
YMR315W	chr13	335000	6.66	264800	389200	-0.0980039794
YMR315W	chr14	500300	24.22	475700	518100	0.2422356264
YMR315W	chr15	172000	48.44	163900	178100	-0.3415505912
YMR315W	chr16	198300	6.67	150300	234300	-0.1259563563
YNL015W	chr01	41500	16.3	0	56500	0.192735878
YNL015W	chr02	410700	13.23	382300	443600	-0.1580588308
YNL015W	chr04	258000	6.63	180300	312000	-0.1232485562
YNL015W	chr04	619800	5.23	572400	706400	-0.095385956
YNL015W	chr05	386100	10.16	359000	422200	-0.1519778717
YNL015W	chr06	112300	5.64	84100	158700	-0.1056757978
YNL015W	chr07	476100	8.38	446000	526700	0.1336105936
YNL015W	chr08	77700	5.12	31300	121900	0.0930708495
YNL015W	chr10	126700	9.13	95900	164700	-0.1169646315
YNL015W	chr12	231100	6.26	137200	263800	-0.116256599
YNL015W	chr14	448900	19.88	431200	468200	-0.2269903988
YNL015W	chr15	170800	34.29	150900	182100	-0.2691872935
YNL016W	chr02	140300	6.34	98800	172300	0.1083672119
YNL016W	chr10	141800	7.33	98200	157900	-0.1089997307
YNL016W	chr13	132300	5.37	96000	193000	0.0752572331
YNL016W	chr14	456400	4.7	402400	576900	0.1217055568
YNL016W	chr15	150600	8.23	121900	181700	0.1297941887
YNL044W	chr02	137400	6.93	95000	187100	0.1041848103
YNL044W	chr12	663100	14.02	638200	734400	-0.1766398535
YNL044W	chr14	278000	6.94	211900	325300	-0.1107911709
YNL044W	chr14	476600	5.39	416400	508000	-0.1133453992
YNL044W	chr15	157100	11.74	136700	184600	0.1502854698
YNL055C	chr01	31700	28.32	0	43800	0.2613251592
YNL055C	chr01	169500	7.73	148700	207300	-0.1684848302
YNL055C	chr02	539600	12.68	502400	569700	0.1684472408
YNL055C	chr04	214500	9.2	192800	279600	-0.1364857043
YNL055C	chr04	487100	12.01	453000	526800	-0.156178407
YNL055C	chr04	1468600	5.61	1447700	1523200	-0.1217983865
YNL055C	chr05	211100	5.56	119400	251500	0.0966589558
YNL055C	chr05	386300	9.25	360700	429000	-0.1564456694
YNL055C	chr09	426000	5.09	391100	433800	0.1180176721
YNL055C	chr11	242200	64.7	231900	253500	-0.3879055731
YNL055C	chr13	95300	20.75	59400	118100	0.2125815999
YNL055C	chr14	250500	6.74	226400	303500	-0.1362693834
YNL055C	chr15	159200	69.03	152200	170000	-0.4101110169
YNL055C	chr15	517100	13.31	449900	560100	-0.161948089
YNL055C	chr15	962400	19.52	924900	983900	0.1982686389
YNL061W	chr01	35400	8.13	0	57400	-0.1364017906
YNL061W	chr08	71700	5.59	22200	121900	-0.1114836721
YNL061W	chr14	487100	20.65	465000	508500	-0.222573397
YNL061W	chr15	158400	8.32	135600	202200	0.145059751
YNL104C	chr02	150500	15.33	128600	174700	0.1601347203
YNL104C	chr02	402600	6	367500	430600	-0.0975869442
YNL104C	chr04	1468000	16.08	1427000	1486200	-0.1900082382
YNL104C	chr05	360100	16.46	344500	381500	0.1980079361
YNL104C	chr07	506900	5.83	448800	589600	0.1088213005
YNL104C	chr08	155700	17.01	138400	175000	0.1880748011
YNL104C	chr08	413200	5.38	369100	452100	-0.1001756496
YNL104C	chr10	488700	8.14	457900	523100	0.1292921232
YNL104C	chr10	666600	5.81	595400	697200	0.0971071391
YNL104C	chr12	652600	59.05	641700	669400	-0.3548406937
YNL104C	chr13	110500	30	93600	128700	0.2609366502
YNL104C	chr14	518600	28.99	505600	540500	0.2302094114
YNL104C	chr15	516100	4.63	471700	542200	-0.0987663321
YNL104C	chr16	455000	6.3	376200	483200	-0.1173904205
YNL134C	chr02	553400	8.49	512100	615500	-0.123848196
YNL134C	chr04	220300	8.57	201900	250100	-0.1343070356
YNL134C	chr07	507500	17.72	466500	525700	0.1865920887
YNL134C	chr10	138900	7.42	98300	170000	0.1118372036
YNL134C	chr12	260100	6.9	222400	386400	-0.1277617032
YNL134C	chr12	646100	9.87	623300	675800	0.1469995667
YNL134C	chr13	262500	85.42	252800	271600	0.4149598416
YNL134C	chr14	471800	49.38	458700	484500	-0.3367951598
YNL134C	chr15	162700	27.82	146200	178200	-0.2543414399
YNL138W	chr05	410100	6.87	325100	432800	0.1331432421
YNL231C	chr07	486400	23.16	462900	515700	-0.2237474568
YNL231C	chr12	671800	12.32	651700	694800	-0.1551602413
YNL241C	chr02	155100	4.98	74600	227300	0.1016363896
YNL241C	chr02	474600	4.57	438000	515100	0.0873541421
YNL241C	chr04	495200	7.44	392100	553500	-0.1069553866
YNL241C	chr08	208500	5.95	88500	292700	-0.0871258609
YNL241C	chr12	223100	5.7	191200	265100	-0.1319198056
YNL241C	chr12	648800	12.94	628800	667700	0.2000962564
YNL241C	chr13	111200	10.16	79300	147300	0.1621156117
YNL241C	chr14	503400	9.09	455800	533700	0.1401316338
YNL241C	chr16	500100	10.54	440100	520500	-0.15457925
YNL313C	chr01	45500	6.57	0	65100	-0.1091194813
YNL313C	chr07	134500	6.15	88800	186700	-0.1019213762
YNL313C	chr14	214600	7.23	195100	249800	-0.110760704
YNL313C	chr14	449800	4.97	422300	538000	-0.076478559
YNL313C	chr15	153500	19.04	142700	181000	0.1899828812
YNR001C	chr02	161600	8.37	104500	189200	-0.1137051563
YNR001C	chr02	544100	5.75	504800	565100	0.1300241277
YNR001C	chr04	32600	9.37	0	80500	-0.1214681643
YNR001C	chr04	226200	24.41	214900	240300	-0.1992796655
YNR001C	chr04	1223800	5.67	1046600	1256800	0.0914253661
YNR001C	chr05	390900	6.16	360800	500400	-0.1044086108
YNR001C	chr07	500100	10.68	459700	518200	0.1539934871
YNR001C	chr07	976700	4.62	929800	1017300	0.0929330863
YNR001C	chr10	546000	20.03	522700	563600	0.2053189144
YNR001C	chr10	657800	13.86	631700	682700	0.1416658994
YNR001C	chr11	242200	23.75	230700	252700	-0.2256513746
YNR001C	chr12	173700	5.7	111100	249700	-0.1039044361
YNR001C	chr12	645700	68.65	635800	657000	-0.378662496
YNR001C	chr12	960000	4.97	909100	987100	0.1049132017
YNR001C	chr13	137700	24.78	59400	150500	0.1934002277
YNR001C	chr14	462300	9.46	443700	477700	-0.1087701602
YNR001C	chr15	164600	29.7	154800	174900	-0.2649183724
YNR001C	chr15	530300	11.88	506000	572100	-0.1527701357
YNR016C	chr01	49800	6.67	0	67600	0.134467195
YNR016C	chr07	483000	5.46	443600	563200	-0.1103876798
YNR016C	chr12	714300	9.61	669800	758000	-0.1184523196
YNR053C	chr14	468000	18.56	452500	484300	-0.1974592601
YNR053C	chr15	168300	4.8	119400	205700	0.1077508001
YOL012C	chr13	108400	7.5	62000	145500	0.1120511754
YOR061W	chr12	711300	6.24	626400	756100	-0.1030340868
YOR061W	chr14	237400	5.15	146400	303100	-0.0913516562
YOR061W	chr14	442200	6.98	411600	477300	-0.1327962118
YOR061W	chr15	160000	6.05	132400	196100	0.1115985907
YOR122C	chr02	114100	5.68	81300	179100	0.111620956
YOR122C	chr13	138000	8.82	99700	165600	0.1175058674
YOR122C	chr14	464000	19.46	450500	477700	0.1990490693
YOR122C	chr15	104600	9.21	57200	141300	0.1117022516
YOR165W	chr13	132500	11.94	96300	160800	0.1448577912
YOR165W	chr14	241900	9.36	200400	274600	-0.1329644357
YOR165W	chr16	479000	7.11	300600	534500	0.1153429233
YOR168W	chr07	131600	9	79600	173400	-0.1215002091
YOR168W	chr10	120500	7.52	92300	166100	-0.1231131702
YOR168W	chr11	215700	4.6	152200	257600	-0.1018792652
YOR168W	chr13	119300	5	73000	148200	0.0953910608
YOR168W	chr15	167300	13.65	132400	187800	0.1521281016
YOR310C	chr02	104500	8.57	65600	143500	0.1347825935
YOR310C	chr04	720600	4.63	669500	800700	-0.0878288601
YOR310C	chr07	555400	6.57	518400	575900	0.1163592797
YOR310C	chr08	176100	8.22	135900	210900	0.1315644379
YOR310C	chr15	169300	5.57	114400	192200	0.1193534297
YOR310C	chr15	887700	6.32	820400	930500	0.1391818311
YOR340C	chr14	457800	4.79	420700	513900	-0.1033795146
YOR340C	chr15	166300	6.87	114600	195600	0.1119249592
YOR361C	chr02	140700	28.05	120300	169600	0.2189504487
YOR361C	chr04	445000	6.8	395200	561300	-0.1117869848
YOR361C	chr05	164200	4.65	124000	243300	-0.0727539308
YOR361C	chr12	8.00E+05	7.81	781500	818000	-0.1190603499
YOR361C	chr13	24500	8.63	0	82100	-0.0965351535
YOR361C	chr14	254600	9.31	232500	285500	-0.1301939436
YOR361C	chr14	484300	8.67	443200	534200	-0.1421418018
YOR361C	chr15	934400	4.87	889800	969500	0.067674129
YPL028W	chr02	134800	5.83	92500	198900	0.1041737127
YPL028W	chr07	950500	5.34	904500	991700	0.1059545281
YPL028W	chr12	659200	86.68	649200	677200	-0.4459818939
YPL028W	chr13	60200	7.98	37200	98300	0.1214385679
YPL028W	chr13	418900	13.5	396400	448500	-0.1742963245
YPL028W	chr14	459900	36.25	445600	473800	0.2649720441
YPL048W	chr02	124100	10.87	93800	144500	0.1663305525
YPL048W	chr07	214100	5.52	163000	246000	-0.1095749392
YPL048W	chr08	114000	9.9	86500	139100	0.1388972188
YPL048W	chr10	153200	10.17	127800	179000	-0.1638091611
YPL048W	chr11	244800	7.8	223100	279200	-0.137640577
YPL078C	chr05	387600	21.81	367300	413300	-0.2165065156
YPL078C	chr10	155000	4.54	112600	231400	0.1107457469
YPL078C	chr11	231100	20.12	218500	246000	-0.2065421014
YPL078C	chr12	660300	17.67	639500	705600	-0.1901401639
YPL078C	chr14	456200	19.46	438500	469200	-0.2124876417
YPL079W	chr01	28200	4.67	0	56400	-0.1233660561
YPL079W	chr02	141700	11.78	108400	161400	0.1618902834
YPL079W	chr05	217000	5.64	169700	285700	-0.1086807058
YPL079W	chr10	653300	4.62	616300	690300	-0.1100309837
YPL079W	chr16	209000	4.76	154300	253400	0.1025218434
YPL085W	chr12	256100	5.01	227700	319000	-0.1028920927
YPL085W	chr12	642700	4.61	562800	691000	0.098849078
YPL085W	chr12	1059500	6.68	1022700	1059600	0.1185863835
YPL085W	chr14	432900	16.52	411600	467600	0.1933301995
YPL085W	chr15	141100	7.11	85000	200600	0.1072382161
YPL160W	chr07	127700	10.05	92200	141900	-0.1443254975
YPL160W	chr08	170000	9.34	145400	191900	0.1424172136
YPL160W	chr09	113000	4.69	50600	143500	-0.0980143589
YPL160W	chr14	464100	45.72	454000	476500	0.3099099627
YPL160W	chr15	153000	19.97	140700	167900	0.1947329732
YPL225W	chr12	246500	5.34	215500	345400	-0.1143153595
YPL225W	chr12	628200	12.47	613000	647800	0.1723225698
YPL225W	chr12	1053200	7.52	1020600	1059600	0.1300167848
YPL225W	chr13	88600	15.37	76200	116700	0.1607441275
YPL226W	chr01	42200	7.28	0	59000	-0.1254679885
YPL226W	chr14	463000	26.49	446800	475300	0.2354730057
YPL226W	chr15	148700	14.26	130200	177100	0.1667006812
YPL228W	chr01	28300	5.72	0	86000	-0.1057788982
YPL228W	chr02	794800	4.9	741800	809200	0.0991088991
YPL228W	chr03	299100	5.18	247400	307000	0.1401642164
YPL228W	chr04	60100	17.89	0	78500	-0.1736550708
YPL228W	chr04	577200	14.26	560200	601800	-0.1638737743
YPL228W	chr04	1016500	8.13	966300	1041700	0.112921916
YPL228W	chr06	148700	8.72	124400	186000	-0.1341133746
YPL228W	chr07	548800	23.32	505300	583500	0.2061692378
YPL228W	chr08	117000	9.84	100500	139500	0.1596692827
YPL228W	chr08	442900	4.71	413700	496900	-0.1045432509
YPL228W	chr09	430300	19.39	424000	433800	0.2652308172
YPL228W	chr10	108000	4.65	55900	166800	-0.0927137303
YPL228W	chr10	441200	23.67	403500	453400	0.2129783358
YPL228W	chr11	476300	6.11	427700	505100	-0.1158315446
YPL228W	chr12	250600	7.95	231700	265600	-0.1344944001
YPL228W	chr12	822000	6.21	751700	835800	0.137043946
YPL228W	chr13	447100	14.66	434400	489500	-0.1751261983
YPL228W	chr14	218200	5.58	162500	295400	-0.0963005206
YPL228W	chr15	32400	5.57	0	60600	0.1016128996
YPL228W	chr15	440800	5.63	317500	471100	0.1126705594
YPL228W	chr16	489300	7.42	473300	515200	0.1402657949
YPR028W	chr02	132300	10.76	79900	181900	0.1470260724
YPR028W	chr02	384900	4.86	342000	424200	-0.1015120725
YPR028W	chr04	721900	4.83	580300	775000	-0.1013663021
YPR028W	chr07	403200	12.34	373500	447900	0.1667182345
YPR028W	chr08	135800	8.44	89400	165500	0.1264019803
YPR028W	chr14	458300	13.64	434200	486700	0.1855559586
YPR028W	chr15	97500	4.79	27000	133200	0.0963918472
YPR035W	chr01	34900	23.11	0	55200	-0.2275692833
YPR035W	chr02	636100	7.95	541200	693100	-0.1181829357
YPR035W	chr05	198600	11.23	172200	214900	-0.1615958488
YPR035W	chr08	172000	8.25	143500	201700	-0.1363589375
YPR035W	chr09	114200	5.41	84600	157900	-0.1143888135
YPR035W	chr10	423200	4.97	395500	662000	-0.1047065948
YPR035W	chr12	649100	6.82	614300	696100	0.1236722224
YPR035W	chr13	55800	7.9	20100	94400	-0.1182572378
YPR035W	chr14	464200	39.05	449000	475400	0.3120092881
YPR035W	chr15	167400	43.03	152500	179400	0.3085232924
YPR035W	chr16	206200	8.35	171400	250100	0.1417240015
YPR074C	chr02	168600	6.27	134100	235900	0.1207297099
YPR074C	chr11	273300	16.81	256900	293500	-0.1877260461
YPR074C	chr14	235400	5.22	159500	293900	-0.0985653793
YPR074C	chr14	486300	7.55	456100	534700	0.1317979573
YPR125W	chr03	9300	4.82	0	52400	0.0551686665
YPR125W	chr13	117600	6.73	43800	158400	0.1253684506
YPR125W	chr14	463700	4.97	435600	509700	-0.0947163069
YPR156C	chr04	1375000	7.4	1319900	1472100	0.1178598514
YPR156C	chr13	41400	8.79	0	115900	-0.1262493707
YPR156C	chr14	441100	6.57	402100	493900	0.122031935
YPR160W	chr01	38900	39.27	29900	51500	0.291538318
YPR160W	chr02	137800	10.06	108300	158400	-0.146481002
YPR160W	chr04	258700	12.25	187200	280500	-0.161969262
YPR160W	chr04	645600	15.85	610000	678900	-0.1749759007
YPR160W	chr05	196700	27.38	182400	220000	0.2417228518
YPR160W	chr05	415100	17.71	390700	438700	-0.1988007883
YPR160W	chr07	498400	10.71	472400	553500	0.1505237098
YPR160W	chr08	99100	28.03	80700	112700	0.2559269928
YPR160W	chr09	197000	4.85	178700	247700	0.1091266975
YPR160W	chr10	663500	8.92	647100	691700	0.1331463316
YPR160W	chr11	138700	9.79	114900	181600	0.1352732522
YPR160W	chr12	218100	9.45	143100	270100	-0.1246391975
YPR160W	chr12	647000	17.52	629600	675500	0.2017567398
YPR160W	chr12	1038100	8.88	936000	1059600	0.1329822765
YPR160W	chr13	425200	5.09	371300	461900	-0.0952482138
YPR160W	chr14	489800	14.62	460900	530700	0.1827779454
YPR160W	chr15	171400	60.03	155300	180700	-0.4026063322
YPR160W	chr15	610000	8.99	566800	635000	0.1343274021
YPR160W	chr16	470800	10.55	454600	510500	-0.1437607596
YPR163C	chr02	188700	8.23	102000	214700	0.1223103719
YPR163C	chr13	123700	6.52	89700	165200	0.1057266276
YPR163C	chr15	172700	7.67	113800	203100	0.1290972522

