Time	T° eGFP:488,520	A1	A2	A3	A4	A5	A6	A7	A8	A9	A10	A11	A12	B1	B2	B3	B4	B5	B6	B7	B8	B9	B10	B11	B12	C1	C2	C3	C4	C5	C6	C7	C8	C9	C10	C11	C12	D1	D2	D3	D4	D5	D6	D7	D8	D9	D10	D11	D12	E1	E2	E3	E4	E5	E6	E7	E8	E9	E10	E11	E12	F1	F2	F3	F4	F5	F6	F7	F8	F9	F10	F11	F12	G1	G2	G3	G4	G5	G6	G7	G8	G9	G10	G11	G12	H1	H2	H3	H4	H5	H6	H7	H8	H9	H10	H11	H12
0:00:11	29.1	1356	1124	1176	1287	1240	1231	1311	1316	1216	1188	1152	715	1119	1179	1142	1176	1227	1201	1192	1144	1232	1158	1113	739	989	1001	975	1046	1050	1040	1057	1014	1035	1008	938	760	1025	978	998	1062	1043	1034	1059	1008	1027	982	987	734	736	800	772	778	788	777	744	771	739	763	734	729	784	758	763	771	760	798	741	762	772	753	740	731	745	761	775	786	789	776	787	761	767	756	730	721	779	786	763	789	783	759	778	787	756	737	767	737
0:16:15	29.1	1595	1259	1498	1558	1543	1536	1533	1453	1541	1526	1349	705	1264	1420	1296	1388	1495	1434	1361	1325	1510	1512	1417	734	1031	1141	1113	1180	1155	1213	1192	1138	1227	1181	1086	730	1117	1110	1172	1157	1177	1221	1179	1180	1246	1101	1071	735	754	756	759	764	760	792	764	765	776	777	737	741	768	770	736	796	754	777	758	745	727	748	763	723	782	758	781	783	799	784	788	750	734	743	733	704	782	756	778	773	774	768	772	780	748	722	753	718
0:32:18	29.1	1726	1369	1652	1707	1694	1702	1655	1637	1753	1668	1427	710	1331	1515	1488	1537	1608	1647	1508	1466	1656	1636	1531	706	1106	1198	1211	1242	1231	1285	1275	1332	1423	1286	1146	726	1162	1183	1296	1270	1310	1271	1344	1326	1395	1222	1146	713	769	766	768	734	765	764	737	750	743	741	753	734	732	766	784	743	770	783	763	779	753	754	729	715	770	746	754	774	819	742	781	768	742	752	764	719	768	769	765	772	797	744	772	734	753	722	761	731
0:48:22	29.1	1806	1390	1721	1753	1790	1870	1808	1793	1770	1794	1501	718	1371	1586	1570	1630	1700	1812	1553	1578	1760	1697	1567	733	1101	1295	1260	1337	1326	1417	1391	1447	1474	1356	1126	735	1371	1208	1295	1318	1348	1361	1448	1439	1533	1262	1202	728	751	745	777	761	757	750	749	743	741	763	748	730	743	771	780	763	821	761	755	765	740	760	775	746	754	773	792	778	785	784	750	764	754	765	740	733	739	790	782	739	781	726	767	748	767	748	726	714
1:04:25	29.1	1810	1444	1836	1830	1930	2005	1947	1890	1881	1803	1539	685	1377	1625	1583	1690	1764	1875	1646	1597	1846	1784	1517	715	1219	1301	1276	1394	1392	1534	1591	1518	1569	1376	1197	721	1391	1281	1325	1393	1414	1563	1648	1543	1603	1299	1174	712	743	760	760	742	784	753	772	766	744	773	751	728	763	739	775	751	781	745	757	741	762	714	745	702	772	781	749	803	794	762	774	767	750	759	730	751	781	747	764	769	777	764	751	753	753	687	740	688
1:20:29	29.1	1865	1439	1874	1892	2050	2194	2103	1978	1940	1896	1577	670	1446	1693	1689	1782	1947	2076	1740	1713	1906	1791	1609	724	1157	1360	1312	1382	1478	1705	1746	1612	1590	1415	1216	719	1264	1288	1391	1416	1494	1738	1776	1680	1618	1278	1165	716	760	759	768	761	763	773	751	767	733	788	751	700	781	756	768	765	772	798	782	750	761	750	764	709	746	740	774	767	790	788	747	790	742	723	766	709	787	786	759	782	783	763	744	752	741	721	762	706
1:36:32	29.1	1989	1488	1910	2025	2157	2324	2216	2075	2026	1841	1551	712	1518	1756	1702	1829	2006	2227	1888	1780	1936	1777	1617	727	1112	1357	1346	1477	1616	1927	1909	1684	1652	1471	1198	740	1407	1318	1431	1465	1634	1925	2007	1801	1687	1349	1213	731	755	765	743	789	777	758	796	762	761	759	760	728	757	758	760	759	744	744	762	759	745	730	742	708	786	762	778	754	767	788	753	780	779	749	749	727	793	762	782	776	757	772	745	759	766	749	739	743
1:52:35	29.1	1971	1449	1943	2117	2375	2564	2325	2116	2057	1873	1582	716	1516	1785	1794	1970	2181	2343	1934	1826	1981	1821	1636	728	1140	1362	1380	1540	1791	2066	1975	1726	1680	1434	1179	736	1524	1394	1442	1545	1763	2099	2104	1817	1733	1361	1225	724	743	765	752	753	784	770	745	763	752	774	727	723	793	764	779	795	780	764	773	765	741	745	723	731	775	756	760	760	773	766	770	764	773	772	777	698	777	808	768	780	750	736	763	765	764	739	781	710
2:08:39	29.1	1856	1522	2025	2288	2520	2665	2461	2205	2154	1945	1626	708	1447	1783	1878	2034	2289	2457	2004	1868	2102	1913	1625	714	1162	1387	1421	1642	1911	2183	2086	1829	1770	1444	1197	722	1498	1372	1465	1585	1938	2207	2160	1843	1758	1389	1264	734	760	732	786	743	767	771	758	727	737	780	758	707	754	728	754	752	773	794	741	782	750	759	767	736	796	723	754	756	781	743	768	749	781	763	785	721	778	748	806	755	769	754	785	745	749	744	729	712
2:24:43	29.1	1896	1585	2122	2397	2725	2837	2598	2316	2243	1994	1605	699	1507	1889	1943	2167	2476	2617	2122	1986	2087	1921	1647	715	1149	1437	1461	1733	2077	2316	2206	1934	1830	1504	1217	705	1602	1383	1487	1703	2126	2353	2295	1910	1831	1436	1233	724	727	743	756	748	729	759	754	739	763	785	761	712	754	759	759	779	757	752	770	760	773	751	751	708	760	756	768	734	762	750	750	759	761	787	777	732	775	793	759	777	792	776	736	779	783	733	756	721
2:40:46	29.1	1992	1598	2318	2526	2831	2913	2709	2449	2328	2096	1590	690	1470	1906	2017	2289	2527	2687	2141	2057	2179	1917	1630	676	1176	1431	1516	1790	2181	2444	2268	2003	1920	1548	1255	745	1561	1366	1479	1812	2264	2467	2350	1981	1936	1454	1233	731	758	766	759	742	752	775	741	764	755	754	753	717	757	787	779	745	767	774	762	732	761	780	770	689	756	742	780	790	769	750	756	755	800	748	777	729	791	777	796	749	749	774	769	782	805	719	747	697
2:56:50	29.1	1872	1587	2401	2658	2972	3112	2789	2570	2428	2168	1561	696	1547	1960	2112	2454	2658	2828	2254	2147	2299	2024	1672	718	1145	1452	1577	1909	2334	2561	2416	2083	1987	1629	1265	742	1620	1374	1586	1977	2361	2661	2519	2119	1975	1533	1260	741	768	768	767	753	770	807	757	773	786	778	739	713	771	779	767	764	757	740	771	762	773	752	740	713	760	764	761	767	788	766	813	752	775	823	799	707	807	801	795	756	777	769	781	764	795	735	753	717
3:12:53	29.1	1885	1609	2474	2786	3179	3261	2944	2661	2562	2259	1618	710	1474	1962	2230	2509	2756	2948	2374	2268	2477	2095	1674	703	1241	1458	1587	2041	2490	2655	2515	2177	2091	1706	1280	700	1547	1423	1584	2099	2568	2779	2554	2174	2087	1510	1313	720	753	724	788	751	741	773	779	753	764	798	735	711	766	749	773	772	756	768	752	782	777	783	768	736	752	743	788	787	767	755	770	758	797	775	791	718	781	797	781	781	732	765	778	762	779	737	747	741
3:28:57	29.1	2043	1667	2626	2961	3286	3373	3063	2761	2705	2375	1654	701	1592	2041	2347	2648	2937	3064	2452	2350	2498	2128	1714	733	1223	1476	1701	2192	2608	2773	2557	2218	2200	1726	1281	717	1548	1435	1691	2235	2656	2846	2620	2282	2204	1569	1296	715	779	726	768	750	740	801	764	765	795	821	740	728	762	754	747	752	795	737	794	758	791	786	771	732	796	761	746	772	796	766	784	776	810	805	797	716	751	794	753	772	766	751	788	770	758	722	804	716
3:45:00	29.1	1923	1684	2783	3092	3445	3618	3213	2911	2888	2479	1755	744	1542	2106	2463	2705	3027	3217	2475	2391	2641	2327	1699	700	1152	1488	1742	2300	2761	2915	2633	2315	2261	1789	1302	757	1406	1422	1708	2323	2740	2988	2780	2307	2284	1698	1285	685	742	743	749	761	767	771	744	760	767	785	767	733	784	765	791	777	788	778	759	778	773	798	804	739	802	776	769	790	789	786	768	752	822	798	826	737	784	759	783	740	785	753	801	819	808	730	771	717
4:01:04	29.1	2075	1721	2800	3209	3555	3750	3342	3033	3006	2689	1834	721	1609	2196	2515	2832	3147	3345	2693	2575	2794	2431	1797	731	1188	1525	1833	2439	2827	2942	2681	2430	2397	1902	1365	688	1470	1439	1833	2497	2920	3022	2753	2372	2359	1767	1335	727	761	746	767	765	746	783	775	785	822	807	799	724	770	734	761	755	768	759	781	768	788	811	817	721	786	762	757	759	777	775	781	787	810	767	844	720	794	753	767	761	802	779	789	776	783	719	795	736
4:17:08	29.1	1956	1779	2973	3330	3677	3918	3401	3197	3070	2797	1858	703	1611	2237	2530	2954	3313	3375	2889	2576	2991	2541	1799	708	1237	1484	1856	2544	2935	3038	2831	2472	2473	2039	1368	697	1351	1470	1884	2580	3048	3123	2824	2436	2540	1844	1413	725	750	758	752	746	742	784	765	756	789	818	818	701	743	768	802	760	767	802	764	767	781	788	800	727	774	755	765	784	790	777	780	778	799	835	809	724	791	777	764	790	758	746	787	793	780	733	789	709
4:33:11	29.1	1984	1829	3068	3449	3885	4099	3564	3259	3268	3056	1952	691	1573	2335	2674	3022	3420	3516	2898	2737	3112	2762	1916	698	1165	1499	1967	2600	3079	3188	2917	2556	2626	2184	1444	699	1553	1491	1962	2681	3120	3192	2877	2640	2655	1965	1400	727	772	757	703	777	773	796	811	788	816	792	816	726	763	743	757	727	757	795	783	787	800	808	844	724	768	785	756	734	781	779	795	810	800	813	814	727	771	790	786	767	799	757	794	779	810	754	782	721
4:49:15	29.1	2101	1864	3154	3582	3982	4218	3745	3471	3430	3259	2177	710	1643	2378	2751	3135	3526	3645	2950	2783	3311	2838	2088	702	1153	1570	2085	2738	3147	3174	3014	2608	2769	2294	1526	747	1465	1517	2048	2841	3225	3173	2988	2657	2800	2063	1532	708	753	764	745	760	783	767	788	796	803	835	835	738	736	740	752	775	784	768	775	803	827	815	831	708	787	735	760	780	786	753	791	788	835	825	805	735	779	768	778	752	791	749	825	798	820	752	823	743
5:05:18	29.1	2089	1941	3283	3774	4043	4377	3832	3641	3640	3367	2347	705	1594	2459	2923	3264	3647	3814	3110	2963	3429	3146	2207	738	1207	1645	2149	2917	3280	3341	3083	2742	2874	2481	1567	726	1401	1567	2129	2944	3265	3222	3074	2739	2908	2181	1611	719	734	778	745	768	744	794	798	817	799	824	823	723	750	746	743	744	777	773	756	819	807	850	864	721	760	739	767	774	794	806	802	800	834	880	867	732	828	784	762	748	780	781	778	800	823	746	847	715
5:21:21	29.1	2049	1939	3436	3858	4276	4346	3976	3697	3914	3680	2538	715	1639	2552	2987	3296	3728	3933	3198	3000	3558	3389	2282	693	1169	1633	2217	2991	3302	3362	3200	2912	3089	2646	1685	728	1363	1591	2192	3035	3367	3397	3158	2874	3083	2402	1686	728	764	770	773	752	789	771	754	795	869	864	838	717	780	748	771	769	789	784	781	793	832	826	847	714	758	755	771	751	794	772	830	789	859	860	901	730	787	773	773	779	775	769	806	815	841	741	850	757
5:37:25	29.1	2170	2024	3514	3968	4389	4495	4059	3962	4023	3830	2679	721	1624	2633	3049	3493	3908	3991	3331	3178	3737	3440	2411	692	1196	1688	2289	3164	3307	3416	3284	2916	3227	2763	1738	737	1305	1625	2280	3147	3441	3425	3246	2981	3272	2414	1718	741	738	782	777	763	789	774	795	817	802	871	824	741	726	754	758	773	783	789	784	796	853	865	871	768	770	745	760	761	806	815	823	788	875	873	909	722	791	780	805	762	792	797	811	881	870	751	848	725
5:53:29	29.1	2154	2052	3702	4051	4696	4584	4244	4062	4282	4205	2848	697	1662	2644	3134	3668	3978	4158	3425	3373	3973	3757	2631	723	1210	1729	2442	3271	3504	3529	3454	3128	3399	2967	1875	707	1413	1705	2397	3278	3511	3524	3333	3120	3495	2641	1920	734	766	750	737	747	793	801	815	823	827	880	845	726	750	766	777	775	794	795	795	800	831	845	884	719	756	747	755	766	799	805	818	844	869	866	948	723	780	785	786	760	777	773	830	859	851	744	848	689
6:09:32	29.1	2212	2110	3871	4170	4712	4694	4373	4244	4585	4418	3042	700	1771	2710	3261	3726	4181	4259	3514	3512	4154	3977	2837	720	1202	1758	2555	3385	3550	3635	3470	3128	3595	3127	2002	771	1327	1666	2492	3305	3592	3581	3420	3297	3583	2766	1986	701	750	765	765	772	751	814	798	854	843	860	860	744	759	771	788	764	773	797	796	803	855	838	918	714	786	785	787	748	799	791	802	843	858	875	920	709	797	787	791	780	802	814	840	832	843	737	878	711
6:25:36	29.1	2197	2202	4026	4300	4987	5055	4546	4324	4807	4625	3226	725	1722	2897	3360	3826	4215	4315	3626	3622	4474	4250	3027	711	1259	1752	2656	3519	3632	3703	3519	3256	3717	3424	2153	727	1464	1712	2526	3506	3615	3679	3496	3292	3630	2941	2123	729	750	759	757	762	755	758	797	825	856	881	901	727	762	759	801	741	780	805	814	823	860	860	911	728	757	787	782	771	813	806	826	857	906	862	965	718	816	783	788	781	799	819	801	843	867	766	898	716
6:41:39	29.1	2264	2222	4085	4436	5139	4923	4788	4572	5155	4993	3420	691	1745	2983	3408	4069	4375	4537	3822	3849	4742	4483	3229	703	1186	1844	2676	3619	3711	3784	3727	3497	3921	3625	2247	731	1434	1790	2635	3565	3651	3805	3615	3487	3885	3201	2235	727	751	752	760	737	768	775	794	851	867	909	879	734	743	762	756	780	795	817	823	817	885	900	925	726	775	749	778	772	805	804	886	885	884	957	950	703	771	765	785	801	799	823	812	832	913	739	908	705
6:57:43	29.1	2254	2306	4194	4621	5212	5079	4764	4681	5386	5245	3690	710	1732	3041	3514	4198	4404	4610	3944	3922	4907	4684	3397	700	1269	1923	2734	3719	3746	3954	3874	3624	4132	3870	2427	732	1475	1823	2733	3685	3747	3873	3789	3591	4153	3377	2348	746	771	744	759	783	781	814	834	865	860	939	915	735	738	747	759	768	773	791	808	829	851	883	943	724	766	758	764	793	796	827	857	856	897	929	993	713	773	783	813	786	787	812	856	869	921	752	935	732
7:13:46	29.1	2286	2360	4314	4549	5504	5198	4938	4972	5613	5685	3955	712	1762	3155	3742	4294	4582	4678	4197	4183	5056	4967	3602	701	1209	1974	2933	3849	3896	3982	4082	3708	4297	4067	2528	717	1369	1867	2761	3778	3884	3994	3962	3735	4337	3552	2538	718	731	754	773	753	805	799	818	843	898	925	963	739	767	773	767	763	792	841	806	852	838	936	986	731	757	746	805	778	779	797	847	915	933	940	1012	697	833	772	762	789	805	812	863	882	881	747	966	714
7:29:50	29.1	2411	2337	4466	4834	5617	5368	5073	5096	5969	5965	4222	735	1794	3269	3785	4439	4599	4858	4201	4256	5424	5343	3960	712	1237	2045	3031	3900	3874	4060	4239	3834	4558	4527	2871	727	1341	1915	2875	3812	3899	4110	4016	3876	4524	3775	2756	723	761	752	778	760	778	787	804	827	897	932	944	746	775	746	785	732	790	795	831	831	894	949	994	708	765	758	770	770	813	827	886	867	937	957	1010	728	809	768	779	795	814	798	879	871	911	782	987	700
7:45:53	29.1	2394	2357	4749	4834	5616	5429	5234	5354	6031	6472	4613	706	1894	3265	3818	4576	4740	4915	4306	4364	5642	5764	4259	716	1247	2047	3167	3957	4037	4227	4378	4025	4696	4768	3032	731	1373	1933	3108	3921	4037	4178	4163	4034	4753	4086	2992	729	733	726	755	760	769	800	801	845	922	939	982	689	750	776	747	768	780	814	816	866	889	947	991	699	790	758	777	771	819	811	833	876	968	970	1022	703	805	747	799	787	802	799	846	847	922	790	986	734
8:01:57	29.1	2736	2516	4784	4940	5794	5442	5454	5637	6279	7035	4864	767	2092	3356	3938	4589	4827	4900	4527	4455	5914	6166	4508	688	1231	2084	3259	4026	4130	4388	4567	4156	5103	4981	3181	738	1529	1998	3131	4014	4044	4298	4337	4203	5017	4421	3089	736	766	762	750	738	804	850	821	852	926	1002	1009	721	739	743	774	778	806	836	889	883	907	952	1049	722	776	777	783	791	812	834	900	912	949	1013	1071	736	768	783	828	774	805	835	865	897	927	802	1039	747
8:18:00	29.1	2573	2537	4926	5133	5894	5596	5609	5847	6701	7492	5103	689	2124	3489	4102	4664	4854	5153	4541	4657	6279	6686	4935	730	1262	2123	3425	4068	4209	4537	4753	4401	5316	5219	3291	730	1423	2035	3242	4027	4243	4444	4456	4294	5273	4658	3303	727	754	775	768	755	770	866	850	882	922	999	1010	724	764	756	782	781	797	802	843	876	911	1000	1049	709	777	730	763	806	817	850	896	903	973	1016	1102	715	780	751	747	770	817	835	880	914	965	772	1062	718
8:34:04	29.1	2655	2663	5019	5144	5803	5735	5757	6006	6998	7940	5521	728	1988	3571	4281	4608	5032	5243	4729	4902	6444	7025	5007	708	1283	2274	3514	4021	4287	4623	4829	4543	5665	5453	3458	720	1348	2059	3303	4185	4235	4691	4566	4515	5581	4878	3484	731	760	764	778	776	807	813	863	895	918	1054	1049	749	762	759	750	771	781	847	873	852	946	1029	1098	713	775	724	794	784	843	853	939	930	963	1056	1142	715	776	768	791	780	820	837	920	864	962	840	1080	706
8:50:07	29.1	2573	2715	5258	5208	5754	6017	5977	6278	7242	8414	5900	690	2043	3696	4371	4906	5075	5441	4928	5039	6699	7428	5312	720	1361	2297	3706	4083	4412	4900	4905	4710	6011	5696	3686	737	1371	2136	3471	4258	4467	4843	4777	4693	6123	5171	3661	714	760	751	781	777	782	823	870	879	972	1031	1069	735	750	760	761	791	809	851	871	893	953	1016	1114	748	781	738	773	778	821	874	910	921	1013	1078	1168	725	803	776	785	792	804	852	934	931	997	776	1055	691
9:06:11	29.1	2973	2741	5284	5343	5971	6118	6163	6538	7615	8728	6258	731	2164	3542	4506	4940	5213	5542	5030	5235	6979	7845	5882	718	1279	2376	3668	4277	4619	5003	5182	4877	6353	6057	3952	744	1407	2138	3527	4348	4428	4989	4922	4888	6338	5383	3915	719	763	769	770	778	768	841	863	902	950	1057	1084	742	738	772	802	781	797	821	868	921	967	1046	1139	728	772	742	787	758	839	852	878	952	1013	1078	1140	724	771	765	812	778	842	900	918	941	999	842	1084	707
9:22:14	29.1	2632	2754	5421	5482	6256	6323	6417	6712	8043	9305	6707	717	2129	3661	4661	4914	5420	5702	5280	5508	7270	8371	6121	712	1281	2504	3767	4232	4595	5241	5361	5089	6745	6558	4161	705	1349	2211	3642	4545	4674	5169	5192	5068	6707	5747	4176	709	756	746	779	771	794	868	867	917	952	1046	1114	709	760	778	771	801	817	843	893	909	971	1072	1192	723	760	773	782	787	857	877	946	935	1050	1105	1190	715	795	766	791	788	849	888	915	956	1032	848	1103	711
9:38:18	29.1	2754	2927	5485	5696	6117	6477	6570	6895	8333	9955	7256	712	2061	3880	4730	4992	5435	5961	5333	5716	7695	8990	6706	696	1374	2500	3816	4169	4907	5441	5502	5333	7127	6982	4493	716	1427	2284	3709	4503	4725	5365	5357	5304	7120	6058	4448	740	729	739	752	780	805	836	891	943	1014	1086	1155	721	747	771	774	816	803	846	894	915	982	1061	1203	718	789	737	764	819	856	883	914	946	1075	1100	1265	689	799	774	793	791	834	908	933	976	1041	841	1160	758
9:54:22	29.1	2741	3012	5663	5780	5983	6701	6806	7212	8526	10468	7646	715	2022	3812	4883	5145	5434	6106	5627	5884	8108	9406	7114	682	1332	2578	3941	4268	4922	5492	5662	5669	7359	7219	4927	729	1488	2311	3869	4722	4915	5527	5538	5645	7439	6450	4652	734	752	769	775	765	810	851	911	946	982	1118	1180	718	719	753	761	791	808	856	879	902	983	1099	1216	707	758	768	784	811	880	881	943	966	1040	1160	1289	722	784	784	786	819	843	842	935	969	1070	822	1161	724
10:10:25	29.1	2888	2964	5777	5763	6104	6784	7088	7475	9113	11043	8212	716	2107	4055	4952	5150	5576	6310	5794	6041	8548	10159	7672	712	1351	2722	4030	4394	5077	5588	5914	5885	7748	7817	5150	714	1497	2317	3944	4751	5032	5697	5848	5828	7731	6847	5116	744	759	773	770	780	821	855	889	946	998	1101	1216	721	756	735	774	774	810	865	894	935	1038	1131	1258	725	768	754	764	790	878	924	944	1001	1062	1152	1289	727	778	775	811	766	827	889	992	1001	1037	837	1213	749
10:26:29	29.1	2897	3049	5541	5945	6256	7006	7269	7839	9465	11761	8564	730	2164	4049	4998	5255	5787	6477	6081	6341	8822	10668	8182	739	1427	2796	4009	4542	5304	5791	6016	6163	8309	8153	5618	723	1512	2429	4026	4908	5165	6011	5988	6101	8048	7247	5506	717	767	763	759	788	796	856	917	944	1002	1167	1238	696	738	741	788	787	806	873	892	940	1008	1128	1313	703	764	747	782	803	868	877	995	1001	1097	1213	1343	721	754	737	777	805	846	907	965	971	1106	906	1265	700
10:42:32	29.1	3065	3081	6003	5958	6396	7271	7715	7974	10068	12485	9109	706	2365	4048	5012	5317	6028	6759	6183	6627	9307	11355	8589	721	1410	2821	4176	4650	5500	5920	6357	6433	8652	8537	5908	695	1477	2426	4154	4957	5321	6058	6173	6434	8655	7621	5857	737	763	770	752	787	830	861	932	951	1061	1218	1227	720	744	754	776	797	816	888	918	935	1048	1163	1319	718	767	755	788	827	891	903	974	1034	1084	1196	1372	702	799	757	783	791	879	892	945	1027	1119	891	1255	709
10:58:36	29.1	3123	3157	5893	6167	6386	7408	7776	8395	10583	13002	9604	713	2442	4241	5208	5491	6173	6932	6337	6839	9886	11851	9137	712	1426	2919	4211	4767	5638	6093	6532	6714	8962	8883	6206	741	1532	2464	4231	4974	5530	6282	6454	6754	9045	7901	6087	719	747	766	779	766	836	842	881	967	1096	1218	1295	719	754	765	805	781	832	857	903	978	1068	1170	1311	712	760	740	783	800	869	918	977	1020	1134	1231	1344	715	794	776	797	811	864	920	976	1034	1101	882	1296	692
11:14:39	29.1	3142	3157	6020	6017	6517	7654	7961	8675	11005	13706	10034	692	2251	4168	5103	5443	6197	7061	6591	7088	10388	12380	9689	690	1416	2959	4198	4833	5760	6359	6788	7160	9507	9424	6589	733	1530	2598	4328	5090	5748	6493	6767	6938	9440	8338	6511	712	741	753	758	779	835	840	927	966	1072	1232	1286	728	755	798	781	763	835	879	911	950	1079	1209	1339	717	819	754	770	822	874	930	1035	1042	1120	1298	1399	730	804	768	776	805	890	901	1008	1084	1165	914	1348	719
11:30:43	29.1	3060	3197	5774	6351	6818	7774	8299	8928	11535	13988	10502	687	2262	4384	5357	5488	6316	7331	6696	7363	10803	13063	10014	730	1434	2972	4197	4996	5931	6566	7013	7504	9883	9908	6870	747	1518	2609	4429	5266	5886	6755	7049	7366	9990	8759	6860	715	749	748	754	816	807	880	923	992	1114	1202	1300	722	774	754	782	798	832	871	923	966	1070	1209	1397	696	794	752	801	803	862	898	1046	1089	1171	1319	1368	723	798	809	807	818	871	917	1010	1029	1151	917	1354	734
11:46:46	29.1	3087	3223	6156	6296	7073	8057	8558	9347	12243	14780	11085	695	2518	4506	5226	5806	6429	7523	7105	7867	11636	13851	10715	728	1525	3034	4281	5026	6164	6903	7300	7840	10401	10115	7287	731	1512	2634	4491	5442	6078	6793	7279	7883	10368	9150	7228	733	761	749	770	794	863	890	951	980	1082	1289	1350	736	722	781	773	779	811	883	912	999	1096	1250	1398	709	783	752	779	812	872	945	1019	1065	1188	1304	1396	724	791	767	792	822	886	932	997	1079	1169	961	1333	729
12:02:50	29.1	3182	3361	6081	6363	7012	8363	8838	9575	12540	15332	11612	701	2394	4585	5443	5663	6575	7868	7202	8097	12075	14389	11452	700	1486	3081	4378	5268	6235	7105	7627	8190	10645	10652	7689	721	1580	2692	4493	5443	6434	6918	7597	8160	10811	9548	7572	750	755	768	749	762	813	918	938	1005	1151	1289	1395	726	754	784	771	811	848	888	945	1005	1082	1285	1438	701	792	758	782	785	862	956	1034	1103	1172	1304	1366	697	771	784	774	815	904	946	1023	1082	1157	985	1362	720
12:18:53	29.1	3244	3350	6002	6402	7246	8664	8911	9803	13240	16042	12044	721	2383	4484	5177	5826	6706	8159	7342	8351	12466	15071	11835	672	1547	3173	4336	5356	6449	7275	7820	8528	10997	10873	7933	721	1681	2730	4560	5591	6412	7157	7851	8484	11157	9929	7825	737	763	742	763	773	853	885	955	993	1124	1284	1398	699	784	763	795	813	829	858	938	1001	1104	1289	1425	698	790	749	805	834	904	983	1045	1086	1221	1329	1371	730	814	772	787	803	885	909	1029	1094	1240	981	1403	706
12:34:57	29.1	3260	3386	6083	6723	7517	8961	9231	10307	13561	16485	12579	730	2381	4472	5281	5967	6976	8431	7692	8695	13221	15872	12338	710	1517	3171	4443	5546	6723	7515	8251	8999	11540	11313	8345	741	1639	2809	4710	5689	6642	7501	8264	8865	11593	10326	8277	708	756	772	785	789	832	878	955	1029	1095	1377	1447	749	762	784	773	811	882	892	945	1001	1073	1363	1457	739	771	732	811	817	912	930	1093	1096	1224	1387	1352	728	810	762	797	829	902	940	1075	1129	1270	1013	1388	714
12:51:00	29.1	3352	3498	6117	6540	7535	9118	9512	10815	14181	16731	13049	728	2375	4547	5552	6154	6981	8554	7999	8985	13669	16315	12782	719	1500	3243	4693	5735	6767	7759	8557	9368	12099	11540	8563	721	1625	2809	4598	5857	6912	7642	8466	9316	12022	10648	8339	729	753	739	801	775	814	882	969	1033	1134	1353	1429	724	737	760	797	802	860	858	921	989	1123	1338	1429	697	767	753	805	845	917	951	1056	1163	1256	1319	1364	729	764	761	792	836	921	953	1078	1110	1229	1040	1386	739
13:07:04	29.1	3496	3574	6427	6676	7590	9266	9748	11324	14999	17513	13300	684	2522	4632	5742	6251	7320	8673	8303	9326	14217	16954	13467	696	1593	3292	4522	5796	7144	7952	8889	9749	12528	11881	8976	743	1783	2830	4839	5959	7136	7999	8775	9652	12578	11172	8671	709	748	775	796	808	830	914	954	1014	1142	1378	1389	719	739	764	761	797	844	877	957	1038	1143	1357	1402	701	792	758	793	816	911	962	1077	1128	1261	1342	1403	709	794	770	794	877	917	997	1079	1136	1277	1042	1357	734
13:23:08	29.1	3390	3605	6314	6865	7814	9509	10085	11721	15218	18321	13873	685	2547	4650	5612	6352	7544	9169	8673	9830	14812	17434	13803	711	1538	3448	4730	5994	7356	8371	9127	10297	13014	11790	9095	725	1771	2905	4769	6222	7336	8380	9260	10151	12982	11206	8890	746	750	735	791	799	849	895	962	1054	1117	1400	1401	740	749	762	803	821	838	921	908	1020	1143	1361	1456	723	773	760	797	791	933	964	1106	1155	1307	1324	1389	724	775	765	775	830	905	987	1105	1129	1280	1083	1359	698
13:39:11	29.1	3401	3581	6506	6842	8060	9815	10563	12471	16000	18737	13766	695	2753	4909	5709	6383	7567	9308	8809	10192	15358	18331	13855	700	1533	3391	4913	6122	7596	8628	9482	10552	13437	11316	9069	717	1718	2999	4659	6323	7470	8476	9753	10578	13416	11681	8928	727	780	760	763	807	845	936	987	1044	1200	1419	1436	726	781	758	776	783	866	916	990	1046	1180	1423	1445	714	804	754	769	817	913	968	1114	1160	1310	1327	1409	713	777	784	829	851	932	961	1091	1185	1261	1070	1357	729
13:55:15	29.1	3582	3663	6431	6938	8276	9964	10707	12748	16429	19193	13104	719	2543	4728	5654	6500	7913	9531	9209	10905	16022	19111	13332	696	1617	3433	4917	6339	7697	8916	10000	11103	13941	11220	8650	701	1771	3012	4823	6588	7742	9033	10022	11198	13868	11760	8647	756	760	771	806	814	854	891	973	1051	1217	1419	1417	724	728	741	767	813	856	919	973	1043	1175	1402	1410	707	795	772	781	822	976	1019	1138	1173	1304	1317	1397	711	777	767	801	833	927	997	1121	1168	1321	1126	1383	753
14:11:18	29.1	3651	3671	6595	6995	8384	10392	11117	13144	17029	19553	12889	747	2578	4811	5791	6669	7992	9854	9620	11323	16543	19195	12838	697	1574	3525	4995	6629	7951	9353	10471	11621	14353	10843	8365	724	1675	3099	5050	6763	7961	9305	10559	11400	14030	11327	8176	730	733	782	754	789	865	941	971	1032	1192	1411	1461	729	747	738	790	796	878	916	1000	1069	1160	1413	1424	708	771	759	783	831	930	988	1085	1210	1292	1354	1374	709	803	786	811	859	918	1016	1092	1191	1315	1126	1402	730
14:27:22	29.1	3538	3782	6640	7095	8652	10537	11414	13780	17339	19819	12418	744	2668	4937	5807	6915	8347	10005	9855	11882	17002	19704	12502	718	1650	3642	5106	6716	7946	9575	10932	11996	14602	10779	8051	743	1661	3134	5216	6824	8143	9597	10950	11755	14367	11075	8085	715	755	778	760	791	837	930	979	1076	1203	1354	1408	684	737	766	777	811	881	927	965	1049	1196	1405	1456	691	779	741	808	861	964	1039	1111	1204	1317	1360	1408	713	815	768	796	870	917	1037	1147	1233	1319	1163	1412	725
14:43:25	29.1	3637	3884	6692	7414	8723	10764	11859	14277	17744	19659	12279	682	2725	4982	6205	6963	8555	10153	10231	12307	17678	19511	12334	735	1666	3528	5243	6809	8268	10055	11433	12278	15034	10574	8000	727	1644	3125	5268	7023	8333	9933	11290	12139	14622	10822	7933	739	750	770	778	810	858	954	972	1086	1189	1415	1442	722	764	713	802	800	897	929	1014	1062	1186	1404	1437	702	780	796	819	859	932	1004	1135	1235	1297	1371	1426	704	794	794	793	874	933	1027	1159	1272	1317	1202	1374	711
14:59:29	29.1	3729	3860	6893	7442	8983	11074	12144	14653	18417	18822	11994	692	2725	4991	6130	7169	8642	10605	10721	13048	18183	18714	12104	732	1644	3641	5232	7054	8553	10443	11698	12677	14742	10377	7862	715	1673	3258	5304	7222	8595	10342	11863	12534	14526	10733	7767	716	753	766	765	803	876	946	1011	1090	1226	1408	1417	726	784	765	802	840	850	945	987	1081	1205	1399	1447	738	799	768	813	880	949	1071	1139	1257	1310	1393	1427	719	787	794	824	927	944	1036	1140	1235	1289	1213	1390	752
15:15:33	29.1	3680	3947	6849	7463	9261	11346	12700	15079	19030	18411	11919	683	2713	5018	6110	7312	8931	10837	10964	13591	19005	18237	11950	714	1709	3621	5296	7241	8818	10540	12073	13167	14253	10262	7715	722	1909	3237	5466	7428	8862	10528	12309	12835	13724	10644	7634	729	748	757	779	795	840	931	997	1089	1242	1399	1440	746	763	752	799	817	863	925	995	1106	1251	1420	1493	710	781	759	792	877	970	1021	1130	1256	1303	1344	1419	728	778	754	840	886	954	1030	1142	1231	1344	1233	1382	699
15:31:36	29.1	3897	3926	7028	7655	9350	11656	13251	15739	19780	18253	11858	697	2867	5109	6197	7436	9153	11087	11533	14181	19798	18079	11949	701	1747	3633	5523	7408	9047	11146	12504	13733	13980	10406	7585	686	1756	3334	5461	7720	9292	11099	12694	13470	13604	10293	7610	722	738	751	792	838	890	943	1017	1054	1246	1388	1457	733	735	754	806	821	883	930	986	1104	1275	1392	1447	726	781	752	794	873	951	1032	1230	1243	1320	1331	1383	710	791	763	810	888	973	1085	1184	1265	1334	1285	1401	744
15:47:40	29.1	3713	4061	7062	7740	9557	12052	13532	16156	20244	18074	11503	706	2839	5139	6242	7578	9439	11352	11925	14786	20461	17955	11663	715	1668	3816	5645	7615	9313	11534	13034	14119	13770	10083	7482	757	1776	3328	5525	7875	9466	11452	13144	13860	13515	10198	7374	715	749	763	780	831	870	918	1030	1127	1262	1354	1481	729	747	770	787	841	853	918	1029	1095	1239	1437	1467	726	778	777	814	868	973	1017	1190	1279	1299	1353	1356	703	801	773	798	915	934	1065	1219	1285	1356	1280	1394	702
16:03:43	29.1	3815	4002	7003	7957	10026	12196	14255	16468	20786	17890	11426	696	3088	5163	6414	7612	9509	11594	12308	15087	20565	17357	11452	675	1715	3803	5713	7741	9527	12117	13378	14496	13421	9995	7523	716	1799	3442	5583	7960	9734	11721	13753	14496	13263	10077	7337	740	729	766	772	852	892	967	1034	1150	1278	1397	1475	700	752	771	765	822	899	935	1008	1109	1280	1392	1471	716	789	765	790	887	975	1031	1174	1312	1322	1387	1437	728	797	768	821	871	974	1074	1204	1285	1309	1298	1381	735
16:19:47	29.1	3908	4167	7112	8065	10084	12465	14492	17124	21557	17516	11363	684	2970	5203	6440	7957	9799	11870	12792	15678	21071	17410	11471	730	1710	3786	5809	7994	9839	12652	13986	15113	13497	9933	7486	718	1804	3401	5748	8267	10103	12377	14343	15052	13022	9961	7283	712	757	764	806	828	925	953	1015	1116	1250	1418	1443	734	721	732	807	829	859	925	1025	1100	1240	1398	1456	700	792	740	825	885	973	1082	1173	1263	1286	1381	1427	720	787	809	808	884	986	1058	1187	1299	1333	1283	1395	687
16:35:51	29.1	3949	4123	7102	8408	10522	12870	15248	17543	22042	17560	11253	696	3004	5377	6644	8101	9794	12204	13324	16225	22082	17420	11547	700	1742	3802	5993	8184	10245	13010	14459	15506	13196	9796	7421	724	1772	3490	5910	8462	10355	12818	14677	15462	13054	9834	7231	720	728	757	804	865	869	944	1004	1147	1282	1361	1425	712	768	781	808	841	867	963	1016	1114	1274	1405	1476	726	756	755	765	918	975	1062	1169	1280	1306	1405	1423	703	824	756	806	895	968	1050	1196	1242	1343	1313	1415	712
16:51:54	29.1	3900	4189	7362	8399	10640	13235	15619	18187	23037	17773	11363	687	3169	5313	6861	8316	10208	12587	13715	16695	22499	17388	11422	671	1765	3892	6238	8475	10535	13611	15126	16168	12905	9902	7138	716	1821	3485	6076	8653	10669	13334	15176	15750	12827	9898	7133	718	741	749	814	828	851	964	1051	1129	1261	1425	1447	714	737	732	804	829	906	989	1020	1138	1262	1396	1455	719	763	761	811	896	1004	1082	1231	1263	1303	1376	1414	714	803	774	821	900	974	1063	1206	1301	1349	1338	1443	710
17:07:58	29.1	3990	4220	7457	8565	10771	13719	16240	18693	23174	17568	11217	718	2990	5444	6720	8401	10339	12849	14322	17154	22799	17387	11543	711	1800	3893	6264	8604	10930	14068	15676	16737	13004	9673	7090	706	1917	3544	6170	8855	11033	14022	15701	16346	12839	9860	7116	699	759	735	794	842	876	968	1079	1125	1283	1377	1493	722	747	761	788	838	887	934	1024	1155	1267	1423	1445	689	743	776	835	899	1018	1086	1227	1321	1308	1350	1410	708	807	797	821	915	998	1071	1229	1274	1352	1290	1396	719
17:24:01	29.1	3988	4363	7503	8683	11266	14066	16391	18844	23339	17389	11336	699	3480	5450	6966	8541	10612	13400	14810	17801	23095	17283	11316	723	1760	3943	6412	8848	11227	14548	15993	16890	12726	9910	7049	727	1838	3641	6286	9165	11289	14370	16346	16966	12436	9812	7058	716	735	756	793	838	901	998	1063	1126	1287	1415	1482	725	743	766	798	862	902	977	1038	1136	1311	1426	1446	702	794	765	840	891	1005	1075	1209	1323	1291	1413	1397	705	776	747	831	943	994	1082	1247	1326	1348	1329	1399	716
17:40:05	29.1	4070	4323	7730	8863	11306	14473	16969	19469	23636	17286	11392	689	3433	5573	6989	8728	10968	13690	15419	18110	23552	17268	11487	698	1813	3980	6556	9036	11728	14994	16307	17192	12521	9740	7175	689	1860	3543	6348	9238	11495	14996	16759	17178	12449	9716	6999	731	805	778	794	831	894	942	1085	1124	1292	1386	1419	729	748	761	813	848	922	964	1068	1168	1269	1431	1448	706	761	744	794	912	1049	1077	1195	1356	1321	1355	1423	731	813	766	826	913	999	1116	1220	1309	1312	1314	1403	679
17:56:08	29.1	4119	4345	7691	9082	11612	14964	17346	19614	23866	17231	11184	694	3417	5613	7253	9009	10933	14174	16061	18520	23592	17224	11434	706	1801	4090	6519	9202	11948	15736	16899	17239	12453	9729	7115	716	2074	3440	6310	9597	11828	15536	17312	17193	12335	9683	6921	703	782	766	803	807	856	985	1075	1148	1277	1431	1454	723	716	760	773	875	887	974	1042	1134	1273	1428	1457	740	765	726	832	931	1017	1102	1213	1270	1329	1389	1385	688	786	777	803	913	1019	1159	1209	1344	1336	1327	1390	715
18:12:12	29.1	4321	4403	7873	9268	11820	15319	17823	19996	24080	17683	11155	720	3176	5579	7255	9044	11183	14507	16262	18653	23616	17352	11466	746	1949	4188	6774	9332	12289	16118	17584	16757	12249	9599	6981	718	2081	3485	6608	9812	12263	15948	17871	16834	12186	9561	6912	753	754	763	790	844	896	986	1090	1159	1290	1406	1453	733	762	768	815	872	905	965	1042	1154	1248	1386	1434	714	804	768	835	910	1011	1113	1236	1282	1362	1347	1387	704	790	775	859	917	1003	1108	1220	1322	1372	1294	1407	709
18:28:15	29.1	4178	4490	8011	9361	11925	15763	18036	20396	23744	17436	11329	718	3273	5644	7513	9344	11605	14955	16639	18754	23042	17480	11436	733	1894	4121	6913	9753	12645	16838	17969	16014	12431	9662	6920	722	1882	3570	6728	9946	12742	16506	18247	16137	12172	9590	6945	756	761	790	815	870	906	994	1046	1167	1310	1428	1468	710	773	757	761	876	898	995	1044	1168	1251	1411	1458	723	814	777	819	871	1022	1108	1218	1301	1333	1360	1457	731	777	792	829	948	1047	1119	1255	1308	1323	1288	1406	709
18:44:19	29.1	4200	4500	8059	9545	12242	16005	18413	20845	22706	17448	11230	707	3580	5694	7512	9455	11710	15273	17145	18961	21903	17458	11345	724	1899	4240	7041	9944	12918	17419	18460	15635	12135	9685	6954	724	1929	3425	6973	10160	12928	16737	18704	15804	12005	9450	6881	714	751	773	803	845	911	996	1087	1150	1287	1452	1477	730	766	776	820	856	871	986	1070	1156	1283	1414	1451	696	777	782	857	909	1037	1146	1236	1312	1330	1339	1379	687	773	777	853	917	1019	1124	1230	1282	1353	1338	1380	699
19:00:22	29.1	4280	4544	8110	9780	12529	16296	18623	20994	21778	17198	11263	678	3406	5678	7802	9554	11851	15715	17386	19331	21484	17225	11390	713	1971	4243	7086	10122	13301	17794	19018	15638	12044	9542	6963	711	2293	3468	7036	10376	13207	17394	19308	15627	12027	9604	6745	717	753	770	784	866	924	987	1074	1144	1299	1401	1448	692	754	763	790	864	908	1016	1089	1196	1274	1392	1412	719	787	785	848	898	1038	1154	1263	1314	1296	1367	1409	714	783	770	823	950	1033	1144	1254	1324	1356	1346	1340	725
19:16:26	29.1	4224	4612	8275	9872	12704	16907	18779	21251	21531	17302	11242	711	3767	5882	7912	9856	12157	16157	17525	19365	21096	17343	11354	710	1994	4259	7293	10382	13588	18297	19255	15591	12115	9619	6928	702	2107	3462	7166	10563	13573	17936	19753	15743	12017	9500	6810	703	765	778	819	881	919	998	1067	1198	1296	1383	1418	728	792	756	799	864	901	967	1092	1152	1258	1405	1472	683	761	775	851	967	1072	1101	1257	1290	1335	1390	1424	730	800	787	854	951	1066	1150	1268	1295	1340	1293	1411	723
19:32:29	29.1	4301	4727	8447	10052	13139	17310	18962	21791	21398	17460	11169	702	3291	5993	8078	9938	12635	16507	17945	19979	21332	17641	11312	708	1925	4463	7348	10582	14255	18876	19832	15156	12079	9603	6846	723	2087	3388	7118	11065	13937	18513	20377	15542	11917	9485	6868	742	790	785	803	864	897	1004	1086	1176	1277	1411	1481	744	723	752	826	866	904	977	1067	1138	1270	1462	1433	715	795	776	860	928	1040	1140	1259	1272	1321	1421	1432	689	783	800	842	891	1042	1167	1232	1297	1321	1316	1372	730
19:48:33	29.1	4326	4714	8534	10048	13236	17702	19024	21868	20739	17377	11075	697	3562	5900	8107	10086	12570	17120	17847	20395	20642	17445	11276	707	1936	4440	7440	10661	14231	19352	19605	15024	11943	9502	6909	689	2314	3447	7185	11191	14244	18990	20160	15087	11997	9338	6706	742	761	769	799	838	907	1026	1056	1156	1296	1397	1448	715	756	760	837	861	934	977	1097	1153	1288	1373	1432	706	782	778	858	897	1063	1129	1253	1267	1367	1331	1410	727	767	795	843	956	1042	1137	1247	1311	1334	1332	1361	706
20:04:36	29.1	4426	4648	8520	10454	13854	18454	19574	22396	21190	17301	11113	706	3495	5990	8249	10320	13109	17336	18316	20890	20879	17583	11544	687	2026	4595	7685	11104	15095	19952	20046	14858	11921	9578	6859	703	2268	3303	7418	11546	14955	19464	20315	14761	11785	9469	6811	706	745	798	800	862	929	994	1072	1172	1273	1390	1478	722	775	762	822	874	883	981	1090	1155	1276	1395	1503	702	780	781	839	931	1070	1142	1250	1345	1312	1357	1383	698	754	802	850	971	1065	1156	1285	1292	1309	1327	1393	701
20:20:40	29.1	4541	4782	8838	10487	13981	18591	19834	22493	21147	17298	11148	717	3837	6093	8478	10538	13352	18085	18667	21121	20762	17262	11601	692	2067	4467	7809	11172	15582	20568	19751	14490	11854	9554	6707	725	2164	3264	7438	11790	15561	19891	19699	14632	11898	9298	6788	722	775	765	807	866	937	1044	1054	1179	1306	1419	1443	703	765	746	827	874	919	1006	1051	1216	1291	1447	1470	717	774	785	871	953	1037	1139	1225	1282	1355	1334	1393	700	814	782	842	952	1058	1206	1255	1299	1350	1288	1415	706
20:36:43	29.1	4452	4774	8988	10703	14240	19057	19710	22957	20730	17286	11257	716	3494	6067	8542	10791	13594	18403	18856	21753	20680	17234	11371	718	2096	4529	8095	11592	15950	20912	19024	14269	11840	9384	6915	720	2111	3321	7624	12061	15903	20491	19597	14491	11742	9153	6657	721	775	759	825	851	888	1050	1117	1191	1288	1396	1457	712	734	758	835	869	895	986	1104	1187	1275	1424	1437	731	769	781	863	932	1048	1168	1267	1322	1362	1390	1428	715	804	790	855	952	1052	1172	1248	1283	1322	1311	1406	715
20:52:47	29.1	4527	4890	8915	10916	14605	19549	20640	23266	20868	17709	11200	694	3715	6061	8672	11010	13896	18692	19090	22242	20390	17630	11575	724	2068	4817	8158	11921	16503	21782	19059	14175	11870	9425	6844	715	2417	3437	7753	12339	16481	21142	19405	14374	11673	9400	6703	702	752	782	799	882	944	1013	1140	1228	1292	1396	1428	703	780	758	859	833	905	1013	1113	1187	1303	1424	1449	696	802	749	871	922	1031	1157	1223	1295	1321	1334	1390	706	776	786	860	964	1045	1170	1280	1310	1356	1311	1376	718
21:08:51	29.1	4704	4913	9314	11067	14971	20094	20587	23021	20735	17477	11181	715	3836	6204	8850	11205	14238	18797	18874	22438	20410	17123	11592	693	2169	4638	8026	12034	17146	22400	18380	14181	11847	9381	6777	693	2192	3414	7928	12723	16949	21401	19007	14319	11398	9170	6718	737	774	769	824	876	918	1027	1115	1188	1304	1397	1461	705	774	782	820	879	920	1025	1100	1153	1264	1407	1424	705	777	770	841	954	1086	1143	1274	1292	1370	1419	1448	692	771	752	857	965	1119	1179	1282	1305	1327	1318	1368	724
21:24:54	29.1	4635	4997	9265	11254	15323	20200	21170	23099	20642	17559	11238	666	3407	6250	8749	11543	14700	19010	19396	22567	20543	17396	11436	707	2231	4894	8474	12414	17675	22935	18145	13924	11789	9255	6806	711	2343	3369	8277	12845	17207	22040	18876	14158	11528	9253	6639	713	746	772	786	882	940	1034	1083	1171	1291	1398	1474	717	750	784	837	884	943	1049	1095	1155	1289	1425	1468	708	782	790	838	940	1080	1174	1253	1332	1307	1419	1413	719	803	803	890	965	1075	1143	1273	1328	1334	1311	1395	712
21:40:58	29.1	4494	5085	9251	11363	15409	20365	21213	22609	20868	17671	11262	706	3824	6343	8900	11634	14840	19281	19519	23226	20476	17394	11435	690	2294	5032	8511	12829	18104	22985	17813	14091	11636	9374	6696	731	2179	3306	8322	13057	17917	22583	17900	14194	11459	9214	6634	700	741	765	847	876	946	1057	1073	1164	1298	1395	1470	699	756	743	796	892	927	1059	1127	1172	1296	1412	1468	692	764	789	886	966	1088	1186	1259	1316	1301	1336	1433	720	797	808	894	975	1078	1199	1257	1329	1378	1310	1358	707
21:57:01	29.1	4811	5135	9374	11553	15841	20667	21437	21885	20867	17544	11328	677	3800	6408	9123	11929	15143	19758	19737	22983	20539	17702	11712	721	2210	4911	8789	13222	18778	23657	17162	13977	11883	9184	6720	686	2394	3435	8494	13531	18331	22682	17793	14083	11409	9330	6703	713	769	747	822	862	969	1034	1115	1168	1241	1417	1452	706	765	761	822	875	967	1034	1131	1220	1244	1401	1448	737	786	781	892	941	1106	1143	1283	1283	1345	1378	1399	725	779	797	857	930	1069	1206	1223	1328	1352	1297	1391	690
22:13:05	29.1	4525	5092	9607	11853	15863	21044	21862	21102	20638	17566	11150	685	3747	6462	9210	11949	15331	19336	20025	22462	20307	17015	11484	701	2237	4903	8996	13421	18985	23713	16626	13843	11541	9170	6856	750	2253	3429	8620	13795	18554	22873	17393	13931	11543	9157	6664	720	768	759	840	882	934	1037	1121	1210	1301	1413	1424	723	761	776	834	880	915	1017	1114	1196	1291	1352	1439	722	746	783	899	926	1100	1184	1253	1327	1345	1409	1394	710	797	792	888	963	1038	1158	1285	1334	1348	1308	1376	723
22:29:08	29.1	4826	5177	9646	12057	16446	21239	22197	20934	20601	17845	11331	692	3739	6608	9403	12336	15812	19990	20621	21758	20424	17423	11439	679	2263	5181	9216	13790	19751	23871	16611	13822	11890	9253	6734	727	2193	3501	8911	14052	19507	22964	17103	13804	11321	9322	6662	704	756	796	831	904	932	1043	1086	1165	1291	1382	1449	709	744	786	846	872	938	1010	1138	1232	1287	1435	1430	694	744	774	875	976	1090	1177	1197	1332	1296	1409	1433	706	764	776	881	1006	1093	1199	1265	1318	1349	1293	1388	681
22:45:12	29.1	4853	5228	9817	12227	16742	21068	22345	20566	20603	17578	11247	726	3776	6518	9456	12448	16023	20139	20973	21274	20212	17307	11359	721	2358	5128	9400	13826	20409	23614	16576	13908	11629	9156	6749	711	2261	3585	9151	14517	19568	23151	16990	13972	11381	9040	6606	707	764	788	837	890	957	1039	1119	1162	1321	1411	1399	717	760	789	868	892	987	1025	1103	1194	1264	1428	1431	705	786	805	888	965	1129	1197	1251	1316	1329	1407	1391	712	794	802	880	1005	1090	1156	1343	1342	1358	1301	1402	705
23:01:15	29.1	4925	5254	9864	12477	17066	21471	22803	20387	20628	17676	11223	695	3878	6717	9651	12927	16201	20258	21245	20805	20407	17338	11556	711	2365	5119	9574	14275	20800	23666	16223	14100	11867	9226	6732	718	2339	3567	9297	14929	20031	22614	16498	13886	11370	9039	6694	714	772	772	832	883	953	1026	1119	1172	1305	1410	1434	746	736	798	855	890	950	1022	1109	1172	1268	1398	1452	724	762	775	874	976	1116	1164	1251	1334	1369	1394	1428	712	785	795	899	980	1112	1164	1285	1321	1340	1338	1379	708
23:17:19	29.1	4668	5338	9508	11872	16372	22381	24373	20919	20684	17981	11361	676	3371	6685	9298	12309	15745	20661	22155	20667	20802	17622	11403	694	2265	5074	9121	14075	20424	22862	16144	14078	11741	9274	6697	712	2294	3521	8971	14264	20319	22656	16454	13926	11446	9168	6788	711	747	806	832	872	981	1064	1119	1171	1293	1420	1429	687	782	779	864	939	967	1027	1101	1204	1277	1392	1480	715	776	784	878	989	1131	1206	1279	1306	1327	1386	1397	727	812	794	941	979	1123	1164	1276	1296	1339	1316	1398	722
23:33:23	29.1	4771	5413	9591	12117	16874	22613	24237	21142	20924	18150	11397	683	3423	6842	9438	12575	16095	20911	22176	20683	20734	17615	11494	719	2361	5304	9230	14155	20968	22976	16220	14177	11608	9198	6846	719	2238	3440	9160	14463	21091	22735	16813	14005	11344	9044	6691	738	759	775	820	892	942	1047	1137	1201	1302	1418	1433	725	763	788	855	880	951	1059	1105	1197	1273	1442	1439	709	754	769	895	988	1112	1144	1304	1322	1333	1371	1386	720	772	814	898	1001	1077	1189	1281	1282	1386	1342	1350	690
23:49:26	29.1	5183	5425	10114	13005	17563	21853	23297	20084	20828	17477	11237	712	3564	6855	10185	13553	16556	20353	22515	20251	20235	17402	11247	702	2607	5445	10030	15279	22480	22852	15345	13866	11452	9095	6679	730	2486	3714	9888	15600	21120	22123	16484	13859	11451	8937	6720	695	787	780	814	871	969	1050	1144	1202	1291	1410	1470	715	774	761	850	913	961	1057	1138	1206	1308	1420	1447	715	758	769	893	970	1098	1207	1278	1277	1368	1377	1388	700	789	805	921	975	1078	1164	1261	1366	1380	1340	1384	723
24:05:30	29.1	5237	5315	10180	13404	17922	21981	23423	20140	20629	17773	11140	709	3828	6820	10164	13971	17082	20681	22660	20260	20598	17510	11394	703	2663	5382	10168	15718	23029	22374	16029	13845	11409	9030	6645	706	2560	3809	9880	16016	21557	21611	16479	13776	11212	8866	6566	755	778	783	845	873	940	1081	1099	1191	1241	1399	1404	727	756	798	875	933	952	1060	1124	1199	1306	1449	1427	693	773	757	898	995	1088	1160	1237	1298	1302	1331	1438	722	799	796	908	1009	1114	1189	1261	1321	1398	1368	1414	717
24:21:33	29.1	5071	5442	10345	13555	18458	22384	23458	20291	20639	17670	11210	708	3833	7060	10332	14073	17055	20984	22714	20118	20251	17373	11350	712	2629	5454	10396	16062	23370	21687	15383	13873	11736	9006	6511	717	2503	3743	10170	16316	22258	21138	16239	13761	11335	8864	6481	712	793	755	816	907	944	1058	1144	1165	1297	1467	1434	714	750	769	850	940	930	1053	1112	1236	1296	1399	1407	719	767	829	925	1017	1114	1187	1240	1331	1348	1375	1410	704	804	786	891	1024	1083	1158	1252	1303	1389	1350	1430	710
24:37:37	29.1	4979	5486	10574	13730	18584	22654	22931	19981	20607	17734	11137	728	3714	7045	10633	14103	17273	21067	23060	20225	20173	17227	11337	714	2667	5584	10755	16453	23876	21286	15181	13799	11381	9008	6744	715	2492	3884	10452	16727	22592	20647	16394	13698	11043	8820	6578	723	777	785	819	885	961	1050	1161	1187	1286	1390	1457	725	727	787	845	916	970	1054	1112	1192	1324	1387	1448	721	787	800	889	1001	1115	1152	1255	1327	1301	1370	1404	671	789	804	919	996	1097	1210	1308	1333	1372	1364	1398	703
24:53:41	29.1	4868	5672	10707	13904	18771	22904	22211	19787	20542	17364	11144	692	3851	7166	10814	14386	17489	21440	22736	20215	20172	17405	11413	684	2686	5642	10537	16568	24251	20663	15822	13745	11437	8861	6549	692	2594	3879	10589	17057	22761	19900	15999	13764	11063	8722	6516	720	759	769	822	902	984	1085	1116	1159	1289	1433	1441	722	763	772	838	895	963	1029	1105	1171	1258	1374	1461	699	771	830	903	1011	1091	1170	1266	1321	1332	1387	1434	715	757	814	936	1001	1121	1196	1278	1332	1338	1358	1404	693
25:09:44	29.1	4893	5602	10961	14188	18632	23173	21809	20212	20473	17762	11326	700	3862	7208	11030	14552	17500	22075	22762	20015	20375	17265	11347	723	2649	5745	10952	16945	24934	19759	15709	13775	11431	8950	6511	719	2555	4024	10779	17468	23633	19316	16385	13818	11359	8794	6509	737	741	776	830	955	998	1040	1126	1179	1284	1433	1432	735	779	781	853	907	970	1023	1111	1182	1307	1454	1439	690	765	789	873	960	1142	1168	1237	1318	1330	1418	1407	719	815	804	911	996	1125	1179	1270	1311	1385	1392	1366	729
25:25:48	29.1	4918	5582	11264	14422	19329	23318	21408	20314	20410	17660	11043	707	3855	7292	11073	14875	17647	22259	22353	20125	20092	17291	11265	704	2647	5833	11088	17570	25023	19419	15105	13857	11394	8919	6706	726	2643	4202	10965	17805	23969	18625	15801	13659	11117	8651	6545	746	762	766	876	874	991	1044	1131	1188	1279	1392	1459	748	767	777	852	901	982	1066	1163	1207	1251	1405	1434	701	780	789	861	1001	1114	1198	1259	1334	1327	1406	1413	706	762	803	920	1005	1104	1201	1266	1313	1319	1326	1405	716
25:41:51	29.1	4957	5768	11181	14793	19126	23757	20442	20107	20361	17836	11284	728	3975	7300	11315	15064	17792	22140	21716	19934	20361	17535	11442	714	2784	5825	11375	17738	25448	18500	15117	13862	11345	8907	6550	711	2625	4049	11141	18259	24083	18247	16032	13883	11076	8818	6514	713	735	811	884	900	992	1047	1143	1194	1337	1434	1438	711	783	777	844	902	983	1028	1112	1152	1290	1410	1435	705	799	799	886	995	1105	1163	1236	1297	1356	1364	1428	725	793	824	931	1034	1126	1209	1271	1328	1346	1349	1364	705
