Time	T° 600	A1	A2	A3	A4	A5	A6	A7	A8	A9	A10	A11	A12	B1	B2	B3	B4	B5	B6	B7	B8	B9	B10	B11	B12	C1	C2	C3	C4	C5	C6	C7	C8	C9	C10	C11	C12	D1	D2	D3	D4	D5	D6	D7	D8	D9	D10	D11	D12	E1	E2	E3	E4	E5	E6	E7	E8	E9	E10	E11	E12	F1	F2	F3	F4	F5	F6	F7	F8	F9	F10	F11	F12	G1	G2	G3	G4	G5	G6	G7	G8	G9	G10	G11	G12	H1	H2	H3	H4	H5	H6	H7	H8	H9	H10	H11	H12
0:00:12	29.1	0.163	0.137	0.135	0.144	0.141	0.14	0.142	0.133	0.137	0.139	0.13	0.111	0.137	0.125	0.129	0.134	0.136	0.141	0.141	0.126	0.132	0.139	0.133	0.11	0.129	0.143	0.127	0.137	0.133	0.138	0.143	0.127	0.138	0.13	0.126	0.106	0.148	0.128	0.144	0.134	0.134	0.136	0.141	0.131	0.141	0.128	0.138	0.102	0.138	0.137	0.136	0.146	0.153	0.142	0.145	0.133	0.139	0.14	0.134	0.111	0.158	0.142	0.147	0.143	0.14	0.145	0.147	0.145	0.148	0.139	0.141	0.102	0.147	0.138	0.145	0.15	0.145	0.144	0.159	0.147	0.147	0.154	0.161	0.111	0.166	0.157	0.139	0.152	0.156	0.14	0.154	0.139	0.156	0.112	0.143	0.117
0:16:16	29.1	0.197	0.151	0.172	0.176	0.173	0.17	0.163	0.157	0.162	0.165	0.154	0.111	0.153	0.153	0.152	0.158	0.164	0.164	0.156	0.145	0.156	0.162	0.159	0.108	0.148	0.173	0.157	0.169	0.164	0.166	0.163	0.146	0.16	0.153	0.147	0.106	0.171	0.162	0.172	0.165	0.162	0.161	0.163	0.155	0.165	0.144	0.157	0.101	0.16	0.166	0.175	0.182	0.178	0.175	0.169	0.158	0.17	0.168	0.155	0.109	0.203	0.166	0.176	0.175	0.175	0.175	0.179	0.169	0.174	0.166	0.172	0.101	0.17	0.162	0.174	0.183	0.183	0.181	0.19	0.174	0.174	0.181	0.186	0.11	0.254	0.192	0.176	0.19	0.188	0.173	0.185	0.166	0.181	0.114	0.164	0.116
0:32:19	29.1	0.212	0.161	0.189	0.192	0.186	0.182	0.171	0.165	0.17	0.174	0.161	0.11	0.16	0.168	0.167	0.17	0.174	0.173	0.161	0.152	0.165	0.17	0.166	0.108	0.155	0.189	0.174	0.185	0.179	0.176	0.169	0.155	0.168	0.163	0.154	0.105	0.187	0.171	0.191	0.183	0.176	0.172	0.172	0.162	0.173	0.153	0.164	0.101	0.171	0.182	0.191	0.194	0.191	0.183	0.179	0.166	0.18	0.177	0.163	0.109	0.193	0.175	0.193	0.185	0.186	0.185	0.19	0.179	0.185	0.175	0.178	0.101	0.18	0.195	0.189	0.198	0.194	0.189	0.198	0.182	0.182	0.189	0.193	0.109	0.209	0.207	0.192	0.205	0.199	0.184	0.193	0.172	0.187	0.114	0.173	0.116
0:48:23	29.1	0.224	0.168	0.198	0.2	0.191	0.187	0.175	0.169	0.174	0.181	0.165	0.11	0.162	0.179	0.176	0.177	0.18	0.179	0.164	0.156	0.17	0.176	0.17	0.108	0.162	0.2	0.184	0.192	0.185	0.179	0.173	0.159	0.173	0.169	0.159	0.105	0.208	0.183	0.202	0.191	0.183	0.177	0.177	0.166	0.177	0.158	0.168	0.101	0.176	0.19	0.198	0.199	0.195	0.188	0.185	0.171	0.184	0.184	0.165	0.109	0.235	0.184	0.202	0.188	0.191	0.19	0.197	0.185	0.189	0.18	0.182	0.101	0.215	0.206	0.199	0.203	0.198	0.193	0.201	0.186	0.185	0.193	0.197	0.109	0.237	0.219	0.202	0.213	0.204	0.187	0.197	0.176	0.191	0.116	0.177	0.114
1:04:26	29.1	0.233	0.173	0.203	0.204	0.194	0.191	0.179	0.173	0.178	0.186	0.169	0.109	0.168	0.185	0.18	0.181	0.184	0.183	0.166	0.159	0.175	0.179	0.173	0.107	0.182	0.21	0.192	0.197	0.188	0.181	0.175	0.163	0.177	0.174	0.162	0.104	0.267	0.193	0.21	0.197	0.186	0.18	0.18	0.17	0.18	0.163	0.171	0.101	0.304	0.195	0.203	0.2	0.198	0.191	0.19	0.175	0.187	0.187	0.169	0.109	0.212	0.189	0.206	0.189	0.195	0.194	0.203	0.189	0.193	0.184	0.187	0.1	0.239	0.219	0.205	0.207	0.2	0.195	0.204	0.188	0.189	0.195	0.201	0.109	0.245	0.227	0.21	0.218	0.204	0.189	0.199	0.178	0.195	0.117	0.18	0.114
1:20:30	29.1	0.24	0.175	0.206	0.205	0.197	0.195	0.183	0.176	0.182	0.189	0.172	0.108	0.199	0.189	0.182	0.183	0.187	0.188	0.169	0.162	0.178	0.183	0.175	0.107	0.171	0.217	0.197	0.199	0.189	0.183	0.178	0.166	0.18	0.178	0.166	0.104	0.28	0.198	0.215	0.2	0.186	0.181	0.182	0.172	0.182	0.166	0.174	0.101	0.329	0.198	0.204	0.2	0.199	0.195	0.195	0.179	0.191	0.19	0.172	0.109	0.217	0.195	0.206	0.188	0.197	0.199	0.207	0.192	0.197	0.187	0.188	0.101	0.257	0.227	0.209	0.208	0.2	0.195	0.204	0.19	0.192	0.198	0.206	0.108	0.237	0.231	0.216	0.217	0.204	0.19	0.2	0.18	0.198	0.118	0.183	0.115
1:36:33	29.1	0.24	0.177	0.207	0.206	0.199	0.199	0.187	0.18	0.186	0.192	0.176	0.107	0.174	0.192	0.184	0.185	0.191	0.191	0.172	0.166	0.182	0.187	0.178	0.107	0.175	0.221	0.2	0.198	0.189	0.184	0.18	0.17	0.184	0.182	0.169	0.104	0.211	0.203	0.218	0.201	0.187	0.183	0.185	0.175	0.186	0.169	0.178	0.1	0.3	0.198	0.203	0.2	0.203	0.199	0.198	0.183	0.194	0.193	0.174	0.108	0.215	0.207	0.205	0.189	0.201	0.203	0.211	0.196	0.201	0.189	0.191	0.101	0.29	0.203	0.211	0.208	0.201	0.197	0.205	0.192	0.195	0.201	0.206	0.109	0.235	0.235	0.218	0.217	0.204	0.195	0.201	0.183	0.205	0.12	0.186	0.115
1:52:36	29.1	0.246	0.179	0.208	0.208	0.203	0.204	0.191	0.184	0.189	0.195	0.179	0.107	0.192	0.194	0.186	0.187	0.194	0.195	0.174	0.168	0.185	0.19	0.181	0.108	0.175	0.225	0.202	0.199	0.191	0.187	0.182	0.173	0.187	0.186	0.172	0.104	0.302	0.208	0.22	0.201	0.189	0.186	0.187	0.178	0.189	0.173	0.182	0.1	0.243	0.199	0.203	0.203	0.207	0.203	0.202	0.187	0.198	0.197	0.177	0.108	0.24	0.191	0.205	0.191	0.205	0.207	0.215	0.201	0.205	0.193	0.194	0.101	0.218	0.221	0.212	0.207	0.201	0.198	0.207	0.195	0.199	0.214	0.213	0.108	0.262	0.237	0.22	0.215	0.204	0.194	0.203	0.186	0.207	0.121	0.19	0.114
2:08:40	29.1	0.25	0.18	0.208	0.209	0.206	0.207	0.193	0.186	0.193	0.198	0.183	0.107	0.177	0.195	0.187	0.189	0.197	0.198	0.177	0.171	0.188	0.193	0.184	0.106	0.191	0.228	0.203	0.198	0.19	0.188	0.184	0.176	0.19	0.189	0.175	0.104	0.253	0.209	0.222	0.201	0.19	0.188	0.19	0.18	0.192	0.175	0.184	0.1	0.265	0.198	0.203	0.204	0.211	0.205	0.205	0.19	0.201	0.2	0.181	0.108	0.264	0.194	0.204	0.194	0.208	0.211	0.217	0.203	0.207	0.196	0.197	0.1	0.341	0.219	0.212	0.205	0.201	0.199	0.21	0.197	0.204	0.213	0.222	0.108	0.302	0.24	0.227	0.212	0.204	0.195	0.204	0.192	0.214	0.122	0.193	0.113
2:24:44	29.1	0.245	0.181	0.209	0.21	0.208	0.21	0.196	0.189	0.197	0.201	0.189	0.107	0.185	0.195	0.189	0.191	0.199	0.2	0.179	0.173	0.192	0.196	0.188	0.106	0.18	0.23	0.204	0.198	0.191	0.19	0.187	0.179	0.193	0.192	0.179	0.104	0.297	0.213	0.222	0.2	0.191	0.19	0.193	0.183	0.195	0.179	0.187	0.1	0.206	0.197	0.202	0.206	0.214	0.209	0.209	0.193	0.205	0.204	0.184	0.108	0.219	0.22	0.206	0.194	0.211	0.214	0.221	0.207	0.212	0.2	0.201	0.1	0.241	0.21	0.212	0.204	0.201	0.2	0.223	0.2	0.208	0.223	0.228	0.108	0.281	0.241	0.225	0.211	0.204	0.197	0.207	0.193	0.219	0.124	0.197	0.114
2:40:47	29.1	0.244	0.181	0.21	0.212	0.211	0.213	0.2	0.193	0.201	0.206	0.197	0.106	0.207	0.196	0.191	0.192	0.202	0.203	0.181	0.176	0.195	0.2	0.191	0.106	0.18	0.231	0.204	0.197	0.192	0.192	0.19	0.182	0.196	0.196	0.183	0.103	0.319	0.216	0.222	0.201	0.193	0.193	0.195	0.186	0.199	0.183	0.191	0.1	0.291	0.195	0.205	0.208	0.217	0.212	0.212	0.197	0.209	0.207	0.189	0.108	0.26	0.212	0.206	0.201	0.214	0.218	0.225	0.211	0.215	0.203	0.206	0.1	0.342	0.207	0.211	0.203	0.203	0.205	0.228	0.203	0.21	0.231	0.232	0.109	0.25	0.246	0.232	0.21	0.205	0.199	0.209	0.195	0.236	0.126	0.201	0.113
2:56:51	29.1	0.244	0.18	0.211	0.214	0.214	0.217	0.203	0.197	0.205	0.21	0.198	0.107	0.178	0.196	0.192	0.194	0.205	0.205	0.184	0.18	0.199	0.203	0.195	0.106	0.184	0.232	0.204	0.197	0.193	0.194	0.192	0.186	0.2	0.201	0.186	0.103	0.255	0.217	0.221	0.2	0.194	0.194	0.198	0.189	0.202	0.187	0.194	0.1	0.194	0.199	0.206	0.21	0.221	0.216	0.217	0.2	0.214	0.212	0.194	0.108	0.237	0.213	0.208	0.205	0.218	0.221	0.229	0.214	0.22	0.209	0.212	0.1	0.26	0.203	0.211	0.203	0.204	0.22	0.23	0.207	0.223	0.222	0.229	0.108	0.27	0.251	0.236	0.211	0.206	0.205	0.214	0.204	0.225	0.128	0.206	0.114
3:12:54	29.1	0.248	0.18	0.212	0.216	0.216	0.221	0.206	0.202	0.212	0.215	0.202	0.107	0.207	0.197	0.193	0.196	0.207	0.208	0.186	0.184	0.203	0.207	0.202	0.108	0.181	0.232	0.205	0.197	0.195	0.197	0.194	0.189	0.205	0.204	0.19	0.103	0.287	0.22	0.221	0.2	0.195	0.197	0.2	0.191	0.207	0.19	0.199	0.1	0.205	0.199	0.207	0.214	0.224	0.219	0.221	0.204	0.234	0.217	0.199	0.107	0.282	0.216	0.21	0.221	0.221	0.225	0.232	0.218	0.222	0.214	0.217	0.1	0.215	0.203	0.21	0.203	0.206	0.232	0.243	0.211	0.234	0.245	0.241	0.107	0.257	0.251	0.247	0.212	0.208	0.206	0.222	0.214	0.226	0.131	0.212	0.113
3:28:58	29.1	0.243	0.181	0.214	0.219	0.22	0.224	0.21	0.206	0.226	0.22	0.203	0.107	0.179	0.197	0.194	0.197	0.209	0.21	0.188	0.187	0.207	0.21	0.202	0.108	0.211	0.233	0.204	0.198	0.196	0.199	0.197	0.192	0.208	0.208	0.195	0.103	0.267	0.221	0.22	0.201	0.197	0.199	0.202	0.194	0.212	0.194	0.202	0.1	0.188	0.199	0.208	0.215	0.227	0.222	0.222	0.207	0.227	0.222	0.202	0.108	0.214	0.207	0.218	0.224	0.225	0.228	0.235	0.221	0.228	0.221	0.224	0.1	0.241	0.206	0.209	0.203	0.207	0.231	0.237	0.215	0.241	0.236	0.249	0.108	0.298	0.252	0.264	0.211	0.209	0.216	0.223	0.215	0.24	0.133	0.219	0.113
3:45:01	29.1	0.243	0.18	0.215	0.221	0.223	0.229	0.215	0.209	0.222	0.224	0.207	0.106	0.178	0.197	0.195	0.199	0.211	0.213	0.192	0.19	0.214	0.217	0.214	0.108	0.187	0.232	0.204	0.199	0.198	0.202	0.199	0.195	0.216	0.214	0.2	0.103	0.303	0.223	0.219	0.202	0.199	0.202	0.205	0.199	0.216	0.199	0.206	0.1	0.214	0.197	0.21	0.219	0.231	0.226	0.226	0.211	0.229	0.233	0.212	0.107	0.214	0.218	0.221	0.219	0.228	0.232	0.237	0.226	0.234	0.229	0.232	0.101	0.271	0.201	0.21	0.203	0.21	0.224	0.253	0.219	0.246	0.25	0.262	0.108	0.357	0.241	0.272	0.247	0.211	0.211	0.243	0.228	0.243	0.136	0.23	0.113
4:01:05	29.1	0.243	0.181	0.216	0.223	0.226	0.23	0.217	0.213	0.235	0.233	0.213	0.107	0.199	0.199	0.197	0.2	0.214	0.215	0.195	0.194	0.218	0.223	0.212	0.108	0.184	0.232	0.204	0.199	0.2	0.204	0.202	0.198	0.219	0.221	0.204	0.103	0.295	0.224	0.219	0.203	0.2	0.204	0.207	0.202	0.22	0.204	0.211	0.1	0.197	0.21	0.212	0.222	0.233	0.23	0.229	0.216	0.238	0.241	0.219	0.108	0.219	0.198	0.23	0.239	0.23	0.235	0.241	0.23	0.244	0.242	0.241	0.1	0.23	0.2	0.21	0.203	0.213	0.232	0.238	0.228	0.236	0.26	0.274	0.107	0.262	0.247	0.271	0.259	0.212	0.241	0.256	0.238	0.245	0.138	0.246	0.113
4:17:09	29.1	0.248	0.18	0.219	0.225	0.228	0.234	0.221	0.216	0.23	0.24	0.22	0.106	0.21	0.198	0.198	0.202	0.215	0.218	0.197	0.197	0.225	0.228	0.218	0.106	0.184	0.232	0.204	0.2	0.202	0.207	0.206	0.202	0.222	0.228	0.208	0.103	0.234	0.223	0.219	0.203	0.202	0.206	0.21	0.205	0.223	0.209	0.217	0.1	0.221	0.22	0.215	0.224	0.236	0.232	0.232	0.221	0.244	0.251	0.225	0.107	0.228	0.212	0.228	0.236	0.233	0.238	0.244	0.235	0.25	0.254	0.254	0.101	0.212	0.2	0.208	0.205	0.222	0.245	0.254	0.236	0.245	0.267	0.291	0.107	0.266	0.237	0.266	0.259	0.218	0.239	0.267	0.225	0.252	0.141	0.243	0.113
4:33:12	29.1	0.245	0.185	0.22	0.227	0.231	0.248	0.224	0.221	0.237	0.247	0.231	0.106	0.194	0.199	0.199	0.203	0.218	0.219	0.2	0.201	0.23	0.235	0.226	0.107	0.185	0.232	0.205	0.201	0.203	0.214	0.209	0.205	0.228	0.233	0.214	0.103	0.251	0.221	0.219	0.205	0.204	0.208	0.211	0.21	0.233	0.215	0.224	0.1	0.212	0.204	0.218	0.227	0.239	0.236	0.238	0.225	0.261	0.255	0.241	0.107	0.257	0.2	0.233	0.258	0.236	0.242	0.25	0.252	0.262	0.255	0.263	0.1	0.231	0.199	0.208	0.207	0.236	0.255	0.271	0.247	0.257	0.281	0.31	0.107	0.311	0.255	0.265	0.24	0.235	0.237	0.269	0.243	0.262	0.144	0.267	0.112
4:49:16	29.1	0.241	0.181	0.221	0.229	0.234	0.248	0.227	0.226	0.246	0.253	0.237	0.106	0.194	0.199	0.2	0.205	0.22	0.222	0.203	0.204	0.234	0.242	0.233	0.107	0.185	0.232	0.205	0.202	0.205	0.213	0.212	0.211	0.234	0.241	0.225	0.103	0.234	0.218	0.219	0.206	0.206	0.209	0.215	0.215	0.238	0.222	0.23	0.101	0.216	0.215	0.219	0.23	0.242	0.24	0.241	0.236	0.261	0.265	0.252	0.108	0.257	0.226	0.244	0.245	0.239	0.244	0.253	0.256	0.273	0.263	0.271	0.1	0.218	0.199	0.208	0.208	0.236	0.254	0.265	0.25	0.268	0.293	0.328	0.107	0.301	0.253	0.274	0.253	0.265	0.252	0.271	0.232	0.272	0.147	0.267	0.112
5:05:19	29.1	0.241	0.181	0.224	0.231	0.237	0.242	0.232	0.231	0.251	0.26	0.25	0.106	0.18	0.2	0.201	0.206	0.221	0.225	0.206	0.208	0.242	0.251	0.241	0.107	0.193	0.231	0.205	0.203	0.207	0.216	0.218	0.216	0.24	0.251	0.23	0.103	0.227	0.222	0.219	0.207	0.208	0.212	0.22	0.218	0.246	0.23	0.242	0.1	0.181	0.22	0.222	0.232	0.244	0.246	0.245	0.252	0.272	0.28	0.255	0.107	0.228	0.205	0.256	0.245	0.242	0.249	0.258	0.268	0.275	0.277	0.287	0.1	0.211	0.199	0.21	0.209	0.245	0.25	0.274	0.256	0.279	0.304	0.345	0.107	0.327	0.258	0.269	0.247	0.278	0.239	0.26	0.243	0.284	0.149	0.284	0.113
5:21:23	29.1	0.258	0.181	0.225	0.233	0.238	0.251	0.235	0.24	0.258	0.271	0.262	0.106	0.188	0.2	0.202	0.208	0.223	0.227	0.21	0.212	0.249	0.261	0.253	0.107	0.186	0.231	0.205	0.207	0.208	0.219	0.219	0.22	0.25	0.261	0.24	0.102	0.23	0.215	0.219	0.208	0.209	0.215	0.225	0.226	0.254	0.239	0.245	0.1	0.183	0.219	0.225	0.235	0.247	0.248	0.249	0.242	0.281	0.295	0.275	0.107	0.223	0.213	0.287	0.241	0.244	0.251	0.272	0.262	0.284	0.289	0.308	0.1	0.212	0.198	0.213	0.212	0.239	0.263	0.258	0.262	0.29	0.32	0.371	0.107	0.321	0.269	0.277	0.23	0.272	0.226	0.274	0.245	0.296	0.151	0.301	0.113
5:37:26	29.1	0.246	0.182	0.226	0.235	0.241	0.256	0.24	0.242	0.26	0.276	0.261	0.106	0.177	0.201	0.203	0.21	0.225	0.23	0.213	0.218	0.252	0.261	0.251	0.108	0.187	0.23	0.206	0.206	0.209	0.233	0.226	0.222	0.253	0.267	0.244	0.102	0.247	0.223	0.22	0.209	0.21	0.217	0.227	0.229	0.261	0.241	0.248	0.101	0.193	0.243	0.227	0.237	0.249	0.249	0.264	0.25	0.291	0.305	0.28	0.107	0.225	0.228	0.292	0.238	0.246	0.254	0.288	0.263	0.288	0.297	0.318	0.101	0.212	0.198	0.218	0.213	0.236	0.263	0.263	0.268	0.298	0.332	0.39	0.107	0.328	0.274	0.278	0.242	0.267	0.232	0.282	0.253	0.306	0.153	0.32	0.112
5:53:30	29.1	0.241	0.182	0.229	0.237	0.247	0.251	0.248	0.248	0.278	0.295	0.286	0.106	0.183	0.201	0.204	0.211	0.227	0.236	0.216	0.222	0.267	0.282	0.274	0.108	0.185	0.23	0.206	0.216	0.212	0.222	0.225	0.232	0.269	0.284	0.262	0.103	0.243	0.217	0.219	0.21	0.213	0.222	0.232	0.236	0.276	0.254	0.266	0.1	0.203	0.222	0.232	0.24	0.251	0.26	0.284	0.253	0.308	0.324	0.304	0.107	0.214	0.218	0.302	0.247	0.249	0.261	0.285	0.278	0.307	0.324	0.345	0.1	0.218	0.198	0.223	0.219	0.241	0.259	0.275	0.283	0.316	0.357	0.421	0.107	0.306	0.251	0.285	0.255	0.275	0.238	0.281	0.264	0.322	0.155	0.339	0.112
6:09:33	29.1	0.253	0.183	0.238	0.239	0.244	0.253	0.246	0.253	0.289	0.309	0.299	0.106	0.188	0.208	0.205	0.215	0.229	0.235	0.22	0.228	0.282	0.294	0.287	0.107	0.185	0.229	0.207	0.219	0.214	0.232	0.23	0.235	0.28	0.297	0.276	0.102	0.231	0.214	0.22	0.211	0.214	0.227	0.236	0.242	0.287	0.266	0.278	0.101	0.197	0.24	0.238	0.245	0.253	0.269	0.279	0.266	0.322	0.344	0.324	0.107	0.212	0.197	0.305	0.259	0.254	0.268	0.291	0.281	0.325	0.342	0.367	0.101	0.261	0.198	0.225	0.213	0.255	0.253	0.291	0.295	0.331	0.381	0.45	0.107	0.34	0.262	0.284	0.269	0.271	0.263	0.271	0.275	0.337	0.158	0.361	0.112
6:25:37	29.1	0.24	0.183	0.232	0.241	0.253	0.267	0.249	0.26	0.298	0.323	0.313	0.106	0.194	0.207	0.207	0.222	0.231	0.238	0.223	0.234	0.287	0.309	0.302	0.106	0.186	0.23	0.208	0.214	0.218	0.23	0.235	0.243	0.292	0.313	0.29	0.102	0.231	0.216	0.22	0.212	0.215	0.229	0.24	0.248	0.297	0.277	0.292	0.1	0.182	0.232	0.243	0.246	0.255	0.27	0.273	0.27	0.339	0.365	0.345	0.107	0.224	0.201	0.303	0.257	0.256	0.27	0.289	0.289	0.341	0.365	0.395	0.1	0.211	0.198	0.229	0.222	0.271	0.265	0.293	0.302	0.35	0.409	0.476	0.107	0.246	0.258	0.287	0.236	0.267	0.245	0.28	0.287	0.357	0.162	0.388	0.112
6:41:40	29.1	0.24	0.183	0.234	0.243	0.259	0.257	0.252	0.266	0.308	0.338	0.328	0.106	0.199	0.203	0.208	0.225	0.233	0.24	0.227	0.239	0.295	0.32	0.316	0.106	0.185	0.229	0.209	0.222	0.221	0.235	0.24	0.249	0.304	0.33	0.304	0.102	0.226	0.215	0.22	0.213	0.216	0.231	0.245	0.254	0.307	0.29	0.306	0.101	0.185	0.209	0.243	0.252	0.259	0.267	0.278	0.287	0.353	0.39	0.367	0.107	0.222	0.222	0.309	0.259	0.262	0.275	0.313	0.298	0.36	0.383	0.418	0.1	0.245	0.197	0.229	0.228	0.264	0.267	0.307	0.315	0.367	0.432	0.509	0.106	0.292	0.252	0.299	0.239	0.27	0.263	0.289	0.296	0.372	0.165	0.407	0.112
6:57:44	29.1	0.239	0.185	0.242	0.245	0.263	0.262	0.258	0.275	0.322	0.358	0.342	0.106	0.197	0.206	0.21	0.232	0.235	0.243	0.232	0.243	0.308	0.337	0.33	0.107	0.185	0.229	0.212	0.214	0.22	0.241	0.246	0.259	0.315	0.348	0.319	0.102	0.235	0.213	0.221	0.215	0.22	0.235	0.251	0.262	0.32	0.304	0.322	0.101	0.253	0.209	0.26	0.252	0.261	0.266	0.295	0.289	0.367	0.414	0.39	0.107	0.214	0.235	0.323	0.237	0.264	0.298	0.316	0.311	0.37	0.41	0.443	0.101	0.21	0.197	0.24	0.222	0.266	0.261	0.309	0.324	0.389	0.454	0.539	0.107	0.357	0.279	0.302	0.224	0.278	0.267	0.3	0.308	0.391	0.17	0.434	0.112
7:13:47	29.1	0.239	0.189	0.253	0.247	0.251	0.264	0.262	0.282	0.335	0.376	0.368	0.107	0.199	0.205	0.211	0.237	0.236	0.246	0.237	0.249	0.32	0.353	0.349	0.107	0.185	0.231	0.213	0.21	0.223	0.242	0.254	0.268	0.33	0.371	0.337	0.102	0.234	0.214	0.221	0.215	0.223	0.24	0.258	0.269	0.335	0.323	0.338	0.1	0.207	0.222	0.275	0.253	0.261	0.27	0.303	0.304	0.387	0.44	0.415	0.107	0.215	0.216	0.322	0.26	0.262	0.294	0.318	0.322	0.388	0.435	0.47	0.1	0.226	0.198	0.239	0.248	0.258	0.268	0.32	0.337	0.41	0.48	0.575	0.106	0.269	0.279	0.294	0.249	0.277	0.265	0.307	0.321	0.413	0.175	0.462	0.112
7:29:51	29.1	0.242	0.185	0.237	0.248	0.251	0.265	0.266	0.29	0.347	0.401	0.39	0.106	0.18	0.217	0.214	0.236	0.239	0.248	0.241	0.254	0.331	0.369	0.37	0.107	0.185	0.231	0.211	0.211	0.228	0.248	0.261	0.275	0.345	0.396	0.362	0.103	0.24	0.228	0.222	0.216	0.225	0.245	0.265	0.282	0.354	0.341	0.361	0.1	0.186	0.243	0.291	0.256	0.264	0.274	0.298	0.322	0.402	0.466	0.442	0.107	0.224	0.212	0.328	0.263	0.267	0.294	0.329	0.334	0.407	0.46	0.499	0.1	0.219	0.197	0.244	0.238	0.275	0.276	0.332	0.353	0.435	0.511	0.611	0.106	0.277	0.263	0.296	0.234	0.276	0.272	0.318	0.337	0.435	0.179	0.491	0.112
7:45:54	29.1	0.239	0.185	0.24	0.249	0.255	0.267	0.27	0.296	0.357	0.422	0.408	0.106	0.203	0.207	0.22	0.246	0.241	0.249	0.245	0.26	0.344	0.394	0.391	0.107	0.185	0.233	0.218	0.215	0.233	0.259	0.274	0.286	0.359	0.418	0.38	0.102	0.305	0.228	0.223	0.217	0.226	0.251	0.273	0.288	0.367	0.365	0.382	0.1	0.186	0.213	0.3	0.26	0.27	0.296	0.307	0.328	0.419	0.489	0.465	0.107	0.231	0.223	0.314	0.247	0.281	0.287	0.316	0.346	0.424	0.485	0.534	0.101	0.225	0.199	0.254	0.241	0.281	0.283	0.344	0.367	0.457	0.54	0.644	0.107	0.329	0.267	0.292	0.225	0.278	0.281	0.327	0.349	0.459	0.186	0.521	0.112
8:01:58	29.1	0.24	0.186	0.242	0.251	0.265	0.274	0.275	0.304	0.368	0.449	0.432	0.106	0.212	0.229	0.215	0.234	0.241	0.252	0.249	0.271	0.358	0.414	0.407	0.107	0.185	0.233	0.219	0.215	0.23	0.26	0.276	0.294	0.377	0.435	0.401	0.103	0.226	0.231	0.227	0.22	0.23	0.255	0.28	0.298	0.383	0.387	0.402	0.1	0.257	0.242	0.303	0.262	0.278	0.284	0.314	0.339	0.439	0.516	0.496	0.106	0.26	0.236	0.317	0.271	0.305	0.3	0.34	0.358	0.444	0.512	0.569	0.1	0.221	0.199	0.261	0.242	0.27	0.29	0.355	0.383	0.479	0.571	0.678	0.107	0.32	0.285	0.294	0.247	0.257	0.29	0.34	0.364	0.485	0.198	0.556	0.111
8:18:01	29.1	0.24	0.187	0.251	0.252	0.257	0.273	0.281	0.313	0.383	0.472	0.454	0.106	0.198	0.227	0.217	0.235	0.243	0.256	0.254	0.272	0.371	0.439	0.429	0.106	0.185	0.233	0.233	0.228	0.233	0.265	0.285	0.306	0.397	0.46	0.42	0.103	0.263	0.222	0.228	0.223	0.231	0.259	0.29	0.31	0.4	0.41	0.422	0.1	0.19	0.228	0.305	0.268	0.289	0.287	0.338	0.356	0.464	0.545	0.529	0.107	0.218	0.221	0.325	0.276	0.309	0.306	0.335	0.374	0.466	0.541	0.604	0.1	0.21	0.198	0.267	0.253	0.258	0.3	0.368	0.401	0.496	0.601	0.714	0.107	0.246	0.282	0.292	0.237	0.258	0.297	0.352	0.379	0.501	0.225	0.586	0.112
8:34:05	29.1	0.244	0.187	0.243	0.253	0.257	0.277	0.287	0.323	0.396	0.491	0.477	0.106	0.2	0.211	0.231	0.229	0.245	0.26	0.258	0.284	0.384	0.461	0.451	0.106	0.185	0.229	0.228	0.216	0.241	0.271	0.289	0.319	0.418	0.48	0.443	0.103	0.229	0.214	0.225	0.221	0.234	0.267	0.294	0.318	0.422	0.43	0.446	0.1	0.24	0.23	0.298	0.268	0.294	0.309	0.332	0.362	0.488	0.574	0.565	0.106	0.223	0.211	0.314	0.253	0.317	0.305	0.344	0.387	0.491	0.573	0.636	0.1	0.21	0.199	0.268	0.253	0.266	0.309	0.385	0.416	0.521	0.631	0.746	0.107	0.272	0.274	0.277	0.252	0.276	0.305	0.366	0.397	0.526	0.239	0.622	0.112
8:50:08	29.1	0.264	0.195	0.255	0.255	0.269	0.281	0.3	0.331	0.412	0.512	0.5	0.105	0.183	0.21	0.222	0.234	0.253	0.263	0.26	0.289	0.399	0.481	0.477	0.106	0.185	0.236	0.215	0.223	0.24	0.278	0.299	0.329	0.44	0.506	0.465	0.103	0.225	0.219	0.234	0.223	0.237	0.271	0.303	0.333	0.449	0.449	0.472	0.1	0.244	0.221	0.281	0.266	0.297	0.299	0.343	0.374	0.507	0.604	0.598	0.106	0.224	0.223	0.3	0.251	0.307	0.308	0.355	0.397	0.509	0.603	0.674	0.101	0.243	0.199	0.261	0.27	0.269	0.316	0.398	0.431	0.544	0.661	0.782	0.107	0.273	0.279	0.295	0.238	0.268	0.314	0.378	0.414	0.552	0.244	0.655	0.111
9:06:12	29.1	0.24	0.19	0.256	0.256	0.272	0.284	0.309	0.341	0.425	0.533	0.532	0.106	0.206	0.218	0.223	0.239	0.246	0.267	0.267	0.299	0.413	0.499	0.501	0.106	0.185	0.251	0.215	0.227	0.244	0.282	0.304	0.342	0.462	0.531	0.495	0.102	0.225	0.217	0.237	0.223	0.241	0.278	0.312	0.345	0.469	0.474	0.497	0.1	0.227	0.249	0.281	0.27	0.283	0.306	0.352	0.383	0.531	0.636	0.632	0.106	0.278	0.215	0.282	0.257	0.278	0.324	0.364	0.408	0.532	0.63	0.709	0.1	0.21	0.2	0.256	0.249	0.274	0.324	0.408	0.45	0.57	0.693	0.812	0.107	0.27	0.276	0.295	0.241	0.274	0.323	0.392	0.429	0.573	0.25	0.688	0.111
9:22:15	29.1	0.249	0.189	0.247	0.257	0.263	0.288	0.307	0.353	0.441	0.559	0.56	0.106	0.181	0.227	0.231	0.231	0.248	0.275	0.282	0.309	0.426	0.519	0.529	0.106	0.187	0.252	0.216	0.218	0.248	0.289	0.313	0.356	0.482	0.558	0.524	0.103	0.24	0.221	0.239	0.224	0.243	0.284	0.324	0.359	0.489	0.496	0.527	0.1	0.254	0.24	0.276	0.274	0.309	0.317	0.361	0.396	0.554	0.666	0.668	0.106	0.227	0.222	0.273	0.255	0.305	0.319	0.377	0.424	0.557	0.667	0.746	0.101	0.218	0.201	0.251	0.256	0.289	0.335	0.422	0.473	0.596	0.728	0.848	0.107	0.292	0.262	0.285	0.251	0.279	0.333	0.403	0.449	0.602	0.248	0.722	0.112
9:38:19	29.1	0.241	0.189	0.261	0.257	0.273	0.297	0.31	0.362	0.459	0.582	0.59	0.105	0.199	0.22	0.235	0.242	0.253	0.279	0.281	0.317	0.442	0.548	0.564	0.106	0.186	0.234	0.216	0.227	0.256	0.297	0.322	0.369	0.503	0.587	0.554	0.102	0.224	0.222	0.249	0.226	0.248	0.293	0.331	0.373	0.507	0.523	0.557	0.1	0.271	0.271	0.282	0.283	0.315	0.321	0.377	0.407	0.571	0.691	0.702	0.106	0.238	0.223	0.281	0.26	0.307	0.337	0.386	0.437	0.576	0.695	0.776	0.101	0.212	0.201	0.254	0.245	0.295	0.341	0.439	0.488	0.619	0.757	0.876	0.106	0.273	0.249	0.284	0.243	0.286	0.342	0.417	0.466	0.624	0.268	0.754	0.111
9:54:23	29.1	0.251	0.19	0.25	0.262	0.266	0.297	0.316	0.371	0.474	0.611	0.616	0.106	0.197	0.215	0.229	0.235	0.252	0.281	0.293	0.324	0.46	0.57	0.596	0.106	0.185	0.256	0.217	0.224	0.257	0.304	0.328	0.382	0.523	0.618	0.584	0.103	0.224	0.215	0.252	0.23	0.251	0.303	0.342	0.385	0.529	0.551	0.587	0.1	0.262	0.229	0.288	0.283	0.325	0.323	0.38	0.417	0.595	0.724	0.736	0.106	0.234	0.24	0.307	0.259	0.328	0.334	0.396	0.45	0.601	0.724	0.812	0.1	0.209	0.201	0.273	0.267	0.3	0.352	0.453	0.508	0.645	0.789	0.907	0.107	0.31	0.269	0.279	0.244	0.293	0.354	0.43	0.487	0.651	0.284	0.787	0.111
10:10:26	29.1	0.241	0.194	0.252	0.266	0.288	0.301	0.324	0.383	0.494	0.632	0.648	0.106	0.18	0.226	0.228	0.236	0.254	0.283	0.3	0.335	0.48	0.594	0.627	0.106	0.206	0.249	0.218	0.23	0.263	0.31	0.339	0.4	0.543	0.645	0.615	0.103	0.244	0.214	0.253	0.236	0.255	0.31	0.352	0.401	0.552	0.577	0.615	0.1	0.199	0.263	0.285	0.28	0.292	0.331	0.388	0.43	0.617	0.751	0.767	0.106	0.238	0.237	0.312	0.264	0.29	0.339	0.405	0.464	0.62	0.751	0.844	0.101	0.213	0.202	0.262	0.257	0.308	0.361	0.465	0.531	0.671	0.816	0.935	0.107	0.253	0.269	0.271	0.249	0.301	0.363	0.443	0.507	0.672	0.304	0.819	0.11
10:26:30	29.1	0.255	0.199	0.261	0.26	0.284	0.307	0.334	0.394	0.512	0.658	0.676	0.105	0.2	0.232	0.226	0.236	0.257	0.291	0.304	0.343	0.497	0.619	0.654	0.106	0.185	0.241	0.219	0.226	0.267	0.318	0.348	0.413	0.565	0.673	0.646	0.102	0.224	0.215	0.237	0.238	0.259	0.31	0.363	0.417	0.576	0.606	0.646	0.1	0.29	0.24	0.298	0.277	0.303	0.339	0.4	0.448	0.636	0.777	0.803	0.106	0.253	0.226	0.316	0.263	0.292	0.348	0.414	0.479	0.642	0.781	0.872	0.1	0.275	0.203	0.285	0.251	0.314	0.372	0.478	0.544	0.694	0.842	0.963	0.106	0.293	0.278	0.273	0.251	0.305	0.374	0.459	0.524	0.7	0.323	0.851	0.111
10:42:33	29.1	0.266	0.192	0.254	0.259	0.271	0.31	0.343	0.403	0.531	0.687	0.704	0.105	0.189	0.218	0.227	0.238	0.258	0.295	0.303	0.354	0.518	0.644	0.685	0.106	0.185	0.248	0.218	0.234	0.273	0.325	0.357	0.427	0.591	0.705	0.678	0.103	0.224	0.215	0.248	0.234	0.266	0.32	0.376	0.433	0.598	0.634	0.677	0.1	0.289	0.26	0.284	0.277	0.331	0.345	0.408	0.464	0.66	0.809	0.835	0.106	0.236	0.239	0.301	0.266	0.298	0.355	0.423	0.494	0.663	0.81	0.904	0.1	0.227	0.203	0.291	0.259	0.323	0.385	0.496	0.566	0.724	0.873	0.99	0.106	0.277	0.272	0.272	0.26	0.315	0.386	0.473	0.54	0.725	0.346	0.878	0.111
10:58:37	29.1	0.245	0.192	0.255	0.269	0.273	0.315	0.351	0.415	0.55	0.705	0.732	0.105	0.184	0.219	0.232	0.246	0.262	0.301	0.315	0.365	0.539	0.671	0.716	0.105	0.189	0.277	0.221	0.23	0.277	0.331	0.368	0.442	0.613	0.731	0.704	0.102	0.241	0.217	0.236	0.237	0.275	0.329	0.387	0.449	0.624	0.662	0.707	0.1	0.284	0.257	0.281	0.284	0.304	0.352	0.417	0.479	0.681	0.832	0.864	0.106	0.228	0.224	0.31	0.269	0.333	0.366	0.434	0.512	0.688	0.837	0.931	0.1	0.303	0.203	0.293	0.256	0.329	0.394	0.512	0.579	0.743	0.893	1.012	0.106	0.306	0.255	0.277	0.259	0.322	0.395	0.484	0.555	0.75	0.37	0.906	0.112
11:14:40	29.1	0.258	0.193	0.272	0.264	0.28	0.334	0.357	0.427	0.565	0.731	0.76	0.105	0.19	0.219	0.229	0.243	0.266	0.306	0.316	0.373	0.553	0.698	0.743	0.106	0.186	0.261	0.228	0.233	0.284	0.34	0.377	0.462	0.637	0.757	0.73	0.102	0.223	0.216	0.231	0.254	0.275	0.337	0.399	0.468	0.644	0.689	0.733	0.1	0.265	0.259	0.3	0.292	0.331	0.361	0.427	0.498	0.704	0.856	0.888	0.106	0.276	0.223	0.315	0.272	0.315	0.372	0.444	0.526	0.706	0.863	0.959	0.1	0.229	0.204	0.291	0.267	0.325	0.403	0.526	0.597	0.768	0.919	1.023	0.106	0.259	0.236	0.282	0.265	0.329	0.408	0.498	0.576	0.774	0.389	0.932	0.11
11:30:44	29.1	0.245	0.194	0.257	0.262	0.284	0.326	0.366	0.438	0.577	0.756	0.787	0.105	0.201	0.229	0.23	0.241	0.268	0.31	0.323	0.382	0.569	0.719	0.775	0.105	0.184	0.235	0.22	0.243	0.287	0.347	0.388	0.48	0.659	0.781	0.755	0.102	0.223	0.22	0.23	0.257	0.281	0.344	0.411	0.483	0.667	0.717	0.761	0.1	0.243	0.243	0.304	0.3	0.311	0.366	0.438	0.513	0.719	0.88	0.919	0.106	0.231	0.225	0.29	0.276	0.31	0.378	0.452	0.545	0.723	0.886	0.984	0.1	0.253	0.205	0.275	0.265	0.337	0.414	0.543	0.617	0.79	0.943	1.019	0.106	0.246	0.264	0.269	0.269	0.336	0.417	0.516	0.589	0.798	0.412	0.957	0.111
11:46:47	29.1	0.261	0.194	0.271	0.262	0.294	0.332	0.375	0.449	0.594	0.78	0.811	0.104	0.204	0.221	0.231	0.243	0.271	0.324	0.331	0.394	0.584	0.744	0.805	0.105	0.185	0.241	0.221	0.237	0.292	0.354	0.398	0.5	0.683	0.805	0.783	0.102	0.237	0.216	0.23	0.261	0.289	0.351	0.425	0.503	0.691	0.741	0.788	0.1	0.246	0.246	0.319	0.3	0.315	0.374	0.448	0.53	0.74	0.902	0.943	0.105	0.231	0.227	0.271	0.276	0.346	0.388	0.465	0.557	0.745	0.908	1.004	0.1	0.242	0.206	0.276	0.269	0.346	0.427	0.555	0.636	0.812	0.966	1.013	0.106	0.267	0.255	0.269	0.275	0.344	0.427	0.532	0.607	0.821	0.443	0.981	0.111
12:02:51	29.2	0.246	0.196	0.258	0.263	0.286	0.338	0.382	0.462	0.608	0.8	0.841	0.104	0.182	0.224	0.232	0.246	0.278	0.325	0.34	0.404	0.604	0.77	0.83	0.105	0.185	0.24	0.224	0.242	0.297	0.365	0.41	0.515	0.704	0.826	0.81	0.102	0.246	0.217	0.23	0.246	0.295	0.357	0.438	0.52	0.714	0.767	0.814	0.101	0.244	0.246	0.277	0.291	0.319	0.385	0.457	0.547	0.762	0.922	0.969	0.106	0.245	0.246	0.295	0.283	0.341	0.395	0.476	0.571	0.767	0.929	1.021	0.1	0.323	0.206	0.281	0.274	0.351	0.436	0.57	0.653	0.834	0.984	1.008	0.106	0.308	0.247	0.277	0.28	0.351	0.439	0.547	0.626	0.843	0.475	1.002	0.111
12:18:54	29.1	0.252	0.198	0.259	0.264	0.29	0.343	0.391	0.471	0.624	0.824	0.864	0.104	0.188	0.23	0.232	0.248	0.277	0.33	0.342	0.414	0.615	0.798	0.86	0.106	0.185	0.254	0.239	0.246	0.303	0.373	0.422	0.532	0.729	0.851	0.834	0.102	0.223	0.217	0.232	0.25	0.3	0.366	0.446	0.538	0.739	0.789	0.84	0.1	0.226	0.248	0.272	0.293	0.322	0.393	0.47	0.56	0.776	0.941	0.992	0.106	0.232	0.232	0.307	0.282	0.329	0.403	0.489	0.582	0.785	0.949	1.026	0.1	0.241	0.208	0.282	0.277	0.358	0.448	0.582	0.67	0.855	0.99	1.002	0.106	0.341	0.27	0.266	0.286	0.362	0.451	0.56	0.644	0.864	0.506	1.002	0.111
12:34:58	29.1	0.257	0.196	0.26	0.266	0.29	0.351	0.4	0.485	0.647	0.844	0.889	0.104	0.187	0.231	0.234	0.25	0.283	0.337	0.355	0.425	0.633	0.824	0.885	0.105	0.185	0.24	0.232	0.248	0.308	0.381	0.433	0.548	0.754	0.868	0.858	0.102	0.223	0.218	0.233	0.252	0.304	0.373	0.463	0.553	0.762	0.816	0.862	0.1	0.256	0.242	0.266	0.296	0.33	0.4	0.48	0.577	0.799	0.962	1.009	0.106	0.234	0.239	0.313	0.286	0.329	0.412	0.501	0.598	0.804	0.969	1.023	0.1	0.256	0.208	0.295	0.283	0.367	0.459	0.598	0.689	0.875	0.983	1.002	0.107	0.332	0.264	0.26	0.291	0.368	0.464	0.573	0.662	0.882	0.54	0.995	0.112
12:51:01	29.1	0.245	0.198	0.261	0.276	0.297	0.356	0.406	0.499	0.661	0.863	0.912	0.104	0.183	0.224	0.235	0.25	0.284	0.342	0.361	0.442	0.653	0.842	0.907	0.106	0.185	0.237	0.225	0.252	0.314	0.389	0.447	0.565	0.775	0.891	0.879	0.102	0.24	0.218	0.236	0.267	0.31	0.383	0.47	0.572	0.782	0.832	0.883	0.1	0.291	0.246	0.293	0.327	0.335	0.41	0.49	0.589	0.815	0.977	1.012	0.106	0.267	0.231	0.274	0.287	0.333	0.419	0.512	0.609	0.82	0.989	1.02	0.1	0.233	0.209	0.242	0.287	0.371	0.471	0.609	0.708	0.893	0.978	0.998	0.105	0.315	0.273	0.249	0.294	0.376	0.475	0.587	0.677	0.9	0.574	0.99	0.111
13:07:05	29.1	0.246	0.198	0.262	0.272	0.296	0.359	0.413	0.515	0.672	0.885	0.932	0.104	0.183	0.225	0.235	0.255	0.289	0.347	0.371	0.451	0.667	0.868	0.931	0.105	0.19	0.239	0.226	0.255	0.321	0.395	0.461	0.582	0.799	0.904	0.9	0.102	0.23	0.218	0.237	0.271	0.315	0.394	0.486	0.585	0.807	0.855	0.903	0.1	0.206	0.249	0.295	0.315	0.339	0.415	0.503	0.6	0.833	0.991	1.008	0.106	0.236	0.239	0.281	0.292	0.341	0.427	0.521	0.624	0.838	1.004	1.015	0.1	0.313	0.21	0.272	0.294	0.38	0.481	0.625	0.723	0.906	0.972	0.994	0.106	0.311	0.255	0.254	0.303	0.383	0.487	0.602	0.695	0.917	0.608	0.983	0.111
13:23:09	29.1	0.246	0.199	0.262	0.269	0.3	0.367	0.423	0.527	0.691	0.903	0.96	0.104	0.183	0.23	0.236	0.254	0.29	0.353	0.38	0.463	0.684	0.891	0.954	0.105	0.187	0.237	0.237	0.265	0.324	0.405	0.47	0.599	0.819	0.921	0.926	0.102	0.245	0.218	0.235	0.273	0.322	0.403	0.503	0.601	0.829	0.873	0.925	0.1	0.211	0.249	0.271	0.304	0.343	0.423	0.514	0.615	0.849	1.006	1.004	0.105	0.292	0.234	0.282	0.294	0.346	0.434	0.534	0.635	0.856	1.019	1.01	0.1	0.271	0.211	0.278	0.302	0.388	0.496	0.636	0.741	0.923	0.968	0.994	0.105	0.334	0.292	0.263	0.309	0.393	0.498	0.616	0.712	0.935	0.642	0.982	0.111
13:39:12	29.1	0.247	0.2	0.264	0.27	0.304	0.375	0.433	0.543	0.711	0.925	0.968	0.104	0.184	0.227	0.237	0.258	0.295	0.36	0.387	0.48	0.703	0.91	0.968	0.106	0.192	0.234	0.23	0.261	0.328	0.419	0.487	0.613	0.841	0.922	0.938	0.102	0.223	0.223	0.236	0.268	0.328	0.414	0.519	0.62	0.846	0.894	0.944	0.1	0.208	0.264	0.27	0.309	0.352	0.432	0.53	0.628	0.868	1.013	1	0.105	0.265	0.237	0.278	0.298	0.355	0.442	0.545	0.65	0.873	1.029	1.007	0.1	0.28	0.211	0.254	0.306	0.397	0.51	0.652	0.761	0.935	0.964	0.992	0.105	0.334	0.272	0.245	0.314	0.4	0.512	0.626	0.729	0.951	0.679	0.978	0.111
13:55:16	29.1	0.248	0.2	0.265	0.271	0.308	0.379	0.439	0.555	0.726	0.94	0.973	0.104	0.186	0.228	0.238	0.261	0.298	0.363	0.397	0.497	0.72	0.931	0.978	0.106	0.185	0.236	0.234	0.268	0.333	0.426	0.5	0.633	0.862	0.917	0.944	0.102	0.227	0.219	0.236	0.27	0.334	0.422	0.532	0.638	0.865	0.912	0.948	0.1	0.213	0.265	0.273	0.311	0.357	0.439	0.537	0.645	0.885	1.012	0.999	0.106	0.25	0.237	0.284	0.3	0.36	0.45	0.554	0.663	0.889	1.03	1.009	0.1	0.209	0.212	0.274	0.313	0.403	0.52	0.664	0.776	0.944	0.964	0.99	0.105	0.303	0.246	0.248	0.32	0.408	0.521	0.639	0.748	0.962	0.713	0.979	0.11
14:11:19	29.1	0.251	0.201	0.273	0.294	0.314	0.387	0.452	0.563	0.742	0.953	0.966	0.104	0.184	0.228	0.24	0.259	0.303	0.375	0.406	0.512	0.732	0.944	0.969	0.106	0.186	0.236	0.229	0.268	0.342	0.437	0.514	0.65	0.878	0.911	0.937	0.102	0.228	0.223	0.249	0.275	0.341	0.434	0.549	0.653	0.886	0.915	0.945	0.1	0.21	0.246	0.274	0.325	0.371	0.446	0.55	0.658	0.897	1.01	0.996	0.106	0.258	0.237	0.291	0.303	0.364	0.459	0.569	0.674	0.902	1.028	1.006	0.1	0.334	0.212	0.262	0.316	0.413	0.534	0.675	0.793	0.939	0.96	0.988	0.105	0.338	0.243	0.25	0.326	0.416	0.532	0.651	0.763	0.966	0.741	0.975	0.11
14:27:23	29.1	0.249	0.202	0.273	0.289	0.318	0.393	0.458	0.583	0.756	0.964	0.96	0.104	0.206	0.229	0.241	0.263	0.308	0.38	0.414	0.523	0.753	0.961	0.963	0.106	0.185	0.236	0.237	0.272	0.349	0.448	0.53	0.67	0.894	0.904	0.926	0.102	0.228	0.22	0.261	0.278	0.347	0.447	0.562	0.671	0.901	0.912	0.935	0.1	0.243	0.252	0.294	0.318	0.369	0.456	0.565	0.671	0.914	1.006	0.995	0.105	0.263	0.238	0.285	0.309	0.375	0.467	0.581	0.687	0.919	1.024	1.004	0.1	0.276	0.214	0.263	0.324	0.425	0.546	0.689	0.805	0.934	0.961	0.987	0.105	0.243	0.265	0.267	0.334	0.425	0.545	0.665	0.779	0.963	0.779	0.975	0.11
14:43:26	29.1	0.249	0.203	0.268	0.277	0.336	0.403	0.467	0.595	0.775	0.973	0.955	0.104	0.186	0.232	0.241	0.266	0.316	0.387	0.424	0.539	0.774	0.968	0.958	0.106	0.186	0.236	0.232	0.277	0.355	0.459	0.541	0.689	0.911	0.897	0.921	0.102	0.226	0.22	0.244	0.288	0.353	0.455	0.576	0.69	0.915	0.908	0.929	0.1	0.212	0.249	0.282	0.32	0.381	0.464	0.577	0.686	0.928	1.006	0.994	0.106	0.255	0.242	0.286	0.313	0.376	0.477	0.59	0.697	0.93	1.023	1.001	0.1	0.29	0.215	0.257	0.327	0.431	0.559	0.704	0.819	0.93	0.96	0.985	0.105	0.345	0.242	0.256	0.34	0.434	0.555	0.678	0.791	0.961	0.807	0.972	0.111
14:59:30	29.1	0.25	0.203	0.27	0.287	0.326	0.406	0.479	0.606	0.796	0.973	0.951	0.104	0.185	0.229	0.243	0.268	0.316	0.393	0.438	0.553	0.788	0.971	0.951	0.106	0.188	0.236	0.235	0.281	0.364	0.471	0.553	0.707	0.918	0.893	0.914	0.102	0.228	0.221	0.265	0.293	0.359	0.467	0.59	0.711	0.923	0.899	0.923	0.1	0.27	0.251	0.281	0.325	0.391	0.474	0.588	0.702	0.935	1	0.994	0.106	0.245	0.24	0.298	0.316	0.382	0.489	0.607	0.711	0.939	1.018	1.001	0.1	0.268	0.215	0.264	0.336	0.44	0.57	0.716	0.833	0.922	0.961	0.985	0.105	0.265	0.241	0.258	0.345	0.445	0.565	0.692	0.806	0.955	0.839	0.971	0.11
15:15:34	29.1	0.251	0.204	0.27	0.306	0.33	0.415	0.491	0.618	0.805	0.973	0.949	0.104	0.186	0.245	0.244	0.271	0.32	0.399	0.445	0.567	0.808	0.973	0.952	0.106	0.186	0.236	0.235	0.285	0.369	0.481	0.564	0.723	0.918	0.892	0.91	0.101	0.225	0.221	0.242	0.296	0.368	0.478	0.604	0.72	0.921	0.894	0.92	0.1	0.214	0.262	0.288	0.328	0.392	0.484	0.6	0.711	0.949	1.001	0.992	0.105	0.261	0.243	0.322	0.319	0.389	0.495	0.614	0.721	0.956	1.015	1.001	0.1	0.275	0.216	0.273	0.341	0.447	0.576	0.73	0.845	0.921	0.959	0.985	0.105	0.286	0.258	0.261	0.353	0.455	0.575	0.705	0.819	0.95	0.87	0.97	0.109
15:31:37	29.1	0.281	0.204	0.27	0.307	0.334	0.419	0.5	0.632	0.822	0.97	0.944	0.104	0.212	0.231	0.246	0.273	0.325	0.406	0.453	0.577	0.823	0.966	0.947	0.106	0.186	0.245	0.237	0.29	0.378	0.491	0.58	0.742	0.918	0.887	0.909	0.102	0.223	0.222	0.262	0.298	0.374	0.489	0.616	0.74	0.92	0.889	0.915	0.1	0.231	0.253	0.295	0.331	0.392	0.492	0.609	0.722	0.96	0.998	0.989	0.106	0.268	0.241	0.291	0.326	0.394	0.504	0.622	0.733	0.965	1.016	1.002	0.1	0.245	0.217	0.266	0.348	0.454	0.589	0.741	0.854	0.918	0.957	0.982	0.104	0.281	0.243	0.264	0.357	0.463	0.583	0.713	0.829	0.947	0.894	0.967	0.11
15:47:41	29.1	0.284	0.205	0.274	0.308	0.337	0.425	0.515	0.639	0.839	0.964	0.944	0.104	0.189	0.232	0.244	0.275	0.329	0.416	0.464	0.589	0.842	0.96	0.946	0.105	0.186	0.238	0.238	0.293	0.384	0.507	0.589	0.756	0.917	0.887	0.901	0.101	0.223	0.225	0.27	0.305	0.382	0.5	0.63	0.758	0.912	0.885	0.912	0.1	0.219	0.253	0.289	0.335	0.404	0.5	0.618	0.734	0.969	1	0.99	0.106	0.252	0.243	0.294	0.33	0.401	0.508	0.633	0.744	0.979	1.013	0.997	0.1	0.226	0.219	0.27	0.351	0.465	0.599	0.751	0.864	0.915	0.958	0.981	0.105	0.246	0.249	0.268	0.365	0.472	0.595	0.728	0.84	0.944	0.919	0.966	0.11
16:03:44	29.1	0.282	0.206	0.281	0.309	0.345	0.43	0.527	0.653	0.855	0.962	0.942	0.104	0.187	0.232	0.253	0.279	0.334	0.421	0.478	0.606	0.858	0.954	0.941	0.106	0.186	0.237	0.241	0.298	0.391	0.522	0.604	0.776	0.908	0.884	0.905	0.102	0.223	0.222	0.267	0.307	0.39	0.513	0.647	0.775	0.909	0.884	0.907	0.1	0.217	0.253	0.286	0.338	0.406	0.509	0.63	0.749	0.978	0.997	0.989	0.106	0.246	0.244	0.294	0.333	0.406	0.517	0.643	0.756	0.988	1.013	0.997	0.1	0.247	0.219	0.277	0.357	0.473	0.608	0.762	0.873	0.914	0.959	0.981	0.104	0.286	0.252	0.272	0.37	0.483	0.605	0.741	0.855	0.942	0.939	0.965	0.11
16:19:48	29.1	0.28	0.207	0.271	0.31	0.352	0.439	0.539	0.666	0.869	0.962	0.939	0.104	0.187	0.234	0.25	0.281	0.34	0.426	0.49	0.616	0.872	0.957	0.943	0.106	0.189	0.237	0.243	0.302	0.4	0.534	0.616	0.791	0.903	0.88	0.904	0.102	0.223	0.223	0.271	0.311	0.399	0.532	0.659	0.79	0.904	0.88	0.907	0.1	0.223	0.255	0.3	0.344	0.412	0.514	0.637	0.761	0.988	0.996	0.989	0.106	0.247	0.246	0.314	0.338	0.41	0.526	0.651	0.768	0.995	1.013	0.997	0.1	0.232	0.219	0.277	0.363	0.482	0.619	0.772	0.878	0.911	0.96	0.979	0.104	0.318	0.258	0.276	0.376	0.495	0.615	0.748	0.86	0.94	0.941	0.965	0.11
16:35:52	29.1	0.253	0.208	0.272	0.303	0.354	0.447	0.551	0.675	0.886	0.962	0.94	0.104	0.188	0.236	0.249	0.284	0.343	0.433	0.501	0.626	0.888	0.955	0.94	0.105	0.187	0.238	0.245	0.307	0.406	0.548	0.631	0.805	0.901	0.879	0.902	0.101	0.223	0.223	0.261	0.317	0.406	0.541	0.673	0.805	0.904	0.88	0.902	0.1	0.282	0.256	0.29	0.348	0.415	0.524	0.648	0.773	0.995	0.997	0.988	0.105	0.247	0.252	0.326	0.345	0.416	0.534	0.664	0.776	1	1.014	0.996	0.1	0.285	0.221	0.284	0.372	0.491	0.627	0.782	0.882	0.911	0.955	0.978	0.104	0.268	0.262	0.279	0.384	0.502	0.626	0.758	0.87	0.937	0.938	0.963	0.11
16:51:55	29.1	0.254	0.213	0.273	0.312	0.36	0.455	0.558	0.688	0.894	0.965	0.939	0.104	0.19	0.241	0.258	0.289	0.349	0.442	0.516	0.639	0.899	0.955	0.942	0.104	0.189	0.237	0.247	0.31	0.415	0.561	0.646	0.818	0.899	0.875	0.898	0.101	0.223	0.223	0.264	0.318	0.415	0.558	0.687	0.812	0.904	0.878	0.9	0.1	0.233	0.257	0.293	0.354	0.423	0.532	0.658	0.784	0.996	0.997	0.989	0.105	0.29	0.251	0.321	0.35	0.422	0.543	0.676	0.788	1.004	1.014	0.996	0.1	0.279	0.222	0.287	0.376	0.5	0.639	0.79	0.88	0.911	0.959	0.978	0.104	0.248	0.272	0.284	0.391	0.511	0.635	0.769	0.873	0.938	0.931	0.964	0.11
17:07:59	29.1	0.255	0.209	0.294	0.298	0.364	0.462	0.572	0.698	0.909	0.96	0.939	0.104	0.201	0.235	0.253	0.29	0.356	0.449	0.527	0.655	0.909	0.956	0.939	0.105	0.187	0.252	0.249	0.315	0.423	0.573	0.654	0.829	0.901	0.878	0.898	0.101	0.242	0.222	0.25	0.325	0.42	0.57	0.704	0.829	0.904	0.873	0.901	0.1	0.223	0.269	0.297	0.358	0.431	0.542	0.665	0.796	0.997	0.995	0.988	0.105	0.258	0.249	0.334	0.355	0.431	0.553	0.682	0.797	1.003	1.013	0.995	0.1	0.243	0.222	0.29	0.384	0.513	0.651	0.8	0.879	0.909	0.956	0.978	0.104	0.293	0.252	0.288	0.395	0.522	0.647	0.78	0.873	0.937	0.927	0.963	0.11
17:24:02	29.1	0.256	0.209	0.282	0.3	0.372	0.471	0.583	0.711	0.917	0.957	0.936	0.104	0.191	0.24	0.255	0.293	0.358	0.454	0.538	0.665	0.922	0.955	0.938	0.105	0.187	0.246	0.259	0.32	0.433	0.589	0.671	0.842	0.899	0.878	0.892	0.101	0.223	0.223	0.254	0.331	0.429	0.585	0.717	0.845	0.902	0.874	0.895	0.1	0.22	0.263	0.308	0.363	0.436	0.552	0.677	0.806	0.997	0.995	0.986	0.105	0.26	0.254	0.304	0.356	0.436	0.563	0.688	0.807	1.001	1.013	0.995	0.1	0.234	0.223	0.292	0.393	0.521	0.66	0.81	0.879	0.909	0.959	0.977	0.104	0.282	0.253	0.29	0.406	0.534	0.66	0.79	0.877	0.937	0.922	0.961	0.109
17:40:06	29.1	0.255	0.211	0.278	0.301	0.375	0.482	0.588	0.72	0.927	0.953	0.933	0.104	0.202	0.24	0.258	0.303	0.365	0.464	0.551	0.673	0.929	0.95	0.937	0.105	0.188	0.245	0.254	0.327	0.441	0.598	0.685	0.85	0.894	0.875	0.891	0.101	0.223	0.235	0.255	0.335	0.437	0.594	0.727	0.859	0.903	0.872	0.899	0.1	0.221	0.264	0.3	0.366	0.444	0.561	0.684	0.817	0.993	0.996	0.987	0.105	0.253	0.253	0.306	0.361	0.443	0.571	0.7	0.815	0.996	1.012	0.994	0.1	0.28	0.225	0.297	0.398	0.53	0.672	0.817	0.875	0.908	0.958	0.978	0.104	0.264	0.255	0.293	0.409	0.544	0.667	0.796	0.87	0.935	0.92	0.959	0.109
17:56:09	29.1	0.256	0.211	0.278	0.304	0.377	0.486	0.598	0.727	0.935	0.954	0.927	0.105	0.189	0.241	0.275	0.299	0.367	0.473	0.557	0.686	0.938	0.944	0.932	0.105	0.188	0.238	0.255	0.33	0.447	0.61	0.694	0.858	0.897	0.873	0.893	0.101	0.232	0.212	0.268	0.339	0.444	0.607	0.744	0.864	0.9	0.872	0.893	0.1	0.294	0.268	0.301	0.372	0.45	0.569	0.691	0.823	0.99	0.998	0.986	0.105	0.255	0.252	0.309	0.365	0.447	0.585	0.706	0.823	0.995	1.012	0.995	0.1	0.215	0.226	0.299	0.404	0.54	0.682	0.821	0.87	0.906	0.958	0.975	0.104	0.26	0.261	0.297	0.419	0.552	0.675	0.806	0.867	0.934	0.917	0.959	0.109
18:12:13	29.1	0.256	0.211	0.28	0.315	0.38	0.496	0.605	0.737	0.941	0.956	0.926	0.104	0.196	0.239	0.276	0.302	0.371	0.481	0.564	0.692	0.95	0.954	0.934	0.105	0.188	0.237	0.26	0.342	0.458	0.624	0.708	0.858	0.893	0.874	0.891	0.101	0.223	0.21	0.261	0.344	0.453	0.619	0.754	0.87	0.901	0.869	0.896	0.1	0.304	0.262	0.303	0.374	0.459	0.583	0.702	0.836	0.991	0.996	0.985	0.105	0.252	0.255	0.336	0.371	0.452	0.59	0.711	0.833	0.992	1.014	0.993	0.099	0.25	0.227	0.302	0.411	0.549	0.692	0.822	0.871	0.906	0.955	0.976	0.104	0.271	0.251	0.302	0.425	0.563	0.685	0.812	0.865	0.933	0.916	0.958	0.109
18:28:16	29.1	0.257	0.212	0.28	0.311	0.386	0.501	0.611	0.746	0.946	0.953	0.925	0.104	0.19	0.238	0.278	0.305	0.378	0.486	0.573	0.697	0.949	0.962	0.935	0.105	0.188	0.238	0.268	0.34	0.466	0.634	0.72	0.857	0.896	0.874	0.893	0.101	0.286	0.221	0.263	0.349	0.463	0.626	0.769	0.869	0.902	0.869	0.893	0.1	0.301	0.264	0.309	0.382	0.468	0.589	0.712	0.843	0.986	0.997	0.988	0.106	0.253	0.255	0.316	0.377	0.461	0.6	0.721	0.84	0.993	1.012	0.995	0.099	0.22	0.228	0.304	0.42	0.561	0.698	0.823	0.866	0.907	0.957	0.975	0.103	0.276	0.265	0.304	0.437	0.572	0.694	0.815	0.865	0.934	0.917	0.958	0.109
18:44:20	29.1	0.259	0.212	0.285	0.314	0.391	0.511	0.617	0.756	0.942	0.954	0.926	0.104	0.201	0.238	0.27	0.308	0.383	0.493	0.583	0.71	0.947	0.959	0.932	0.105	0.188	0.239	0.261	0.345	0.474	0.644	0.73	0.858	0.893	0.875	0.894	0.101	0.223	0.216	0.278	0.352	0.471	0.64	0.776	0.864	0.895	0.866	0.895	0.1	0.262	0.266	0.308	0.384	0.47	0.598	0.716	0.854	0.981	0.996	0.986	0.106	0.255	0.258	0.323	0.381	0.468	0.605	0.727	0.849	0.993	1.014	0.994	0.1	0.228	0.229	0.311	0.426	0.568	0.71	0.827	0.863	0.903	0.956	0.974	0.104	0.3	0.286	0.307	0.444	0.581	0.702	0.821	0.86	0.931	0.914	0.955	0.109
19:00:23	29.1	0.258	0.213	0.282	0.316	0.395	0.52	0.621	0.761	0.941	0.949	0.928	0.104	0.191	0.238	0.273	0.314	0.386	0.506	0.586	0.718	0.938	0.948	0.934	0.105	0.189	0.245	0.262	0.35	0.481	0.655	0.738	0.855	0.894	0.871	0.891	0.101	0.25	0.204	0.291	0.359	0.479	0.649	0.785	0.864	0.9	0.866	0.889	0.1	0.256	0.265	0.311	0.388	0.481	0.603	0.724	0.861	0.986	0.995	0.986	0.105	0.254	0.257	0.323	0.383	0.473	0.61	0.732	0.858	0.991	1.014	0.993	0.099	0.244	0.23	0.314	0.431	0.578	0.72	0.826	0.865	0.901	0.956	0.973	0.103	0.363	0.256	0.313	0.45	0.588	0.713	0.826	0.859	0.931	0.912	0.955	0.109
19:16:27	29.1	0.258	0.214	0.283	0.32	0.398	0.533	0.63	0.77	0.936	0.95	0.924	0.104	0.193	0.238	0.278	0.315	0.392	0.517	0.593	0.726	0.939	0.954	0.928	0.104	0.189	0.24	0.268	0.353	0.491	0.667	0.746	0.853	0.893	0.874	0.891	0.101	0.256	0.209	0.271	0.368	0.488	0.659	0.794	0.862	0.901	0.866	0.895	0.099	0.281	0.266	0.315	0.39	0.485	0.611	0.735	0.866	0.985	0.998	0.987	0.105	0.278	0.26	0.324	0.39	0.482	0.619	0.741	0.861	0.99	1.012	0.993	0.099	0.257	0.231	0.315	0.441	0.585	0.728	0.825	0.862	0.903	0.955	0.973	0.104	0.294	0.27	0.317	0.455	0.596	0.721	0.822	0.858	0.931	0.914	0.956	0.109
19:32:30	29.1	0.258	0.214	0.295	0.327	0.405	0.544	0.637	0.783	0.934	0.95	0.924	0.105	0.196	0.239	0.278	0.32	0.397	0.522	0.598	0.736	0.942	0.95	0.928	0.105	0.189	0.239	0.27	0.357	0.5	0.679	0.749	0.853	0.892	0.876	0.885	0.101	0.24	0.211	0.272	0.372	0.496	0.668	0.802	0.86	0.899	0.865	0.893	0.1	0.274	0.267	0.317	0.396	0.494	0.615	0.737	0.875	0.981	0.997	0.986	0.105	0.256	0.262	0.331	0.394	0.485	0.624	0.743	0.869	0.984	1.014	0.994	0.099	0.22	0.234	0.32	0.445	0.59	0.737	0.827	0.86	0.903	0.956	0.973	0.104	0.246	0.27	0.32	0.464	0.605	0.732	0.823	0.855	0.933	0.912	0.955	0.109
19:48:34	29.2	0.272	0.214	0.291	0.327	0.408	0.551	0.646	0.792	0.93	0.949	0.924	0.104	0.192	0.244	0.273	0.322	0.4	0.532	0.605	0.749	0.934	0.958	0.933	0.105	0.189	0.244	0.271	0.363	0.512	0.689	0.754	0.853	0.893	0.87	0.887	0.101	0.231	0.198	0.274	0.378	0.507	0.68	0.808	0.858	0.898	0.865	0.886	0.099	0.253	0.271	0.321	0.399	0.498	0.626	0.746	0.879	0.98	0.995	0.987	0.105	0.255	0.261	0.332	0.398	0.495	0.631	0.756	0.874	0.99	1.011	0.993	0.1	0.223	0.236	0.327	0.453	0.599	0.743	0.827	0.86	0.901	0.954	0.971	0.104	0.294	0.256	0.324	0.47	0.613	0.74	0.825	0.852	0.93	0.912	0.954	0.109
20:04:37	29.1	0.287	0.215	0.289	0.329	0.418	0.56	0.65	0.801	0.935	0.948	0.926	0.105	0.193	0.243	0.277	0.325	0.405	0.543	0.614	0.759	0.943	0.96	0.925	0.105	0.19	0.242	0.273	0.367	0.526	0.698	0.761	0.854	0.893	0.874	0.889	0.1	0.264	0.203	0.277	0.384	0.516	0.69	0.813	0.859	0.895	0.864	0.894	0.1	0.272	0.269	0.322	0.404	0.509	0.631	0.752	0.884	0.982	0.998	0.986	0.105	0.27	0.264	0.335	0.405	0.5	0.637	0.757	0.876	0.985	1.012	0.993	0.1	0.293	0.237	0.33	0.46	0.608	0.75	0.825	0.859	0.902	0.958	0.972	0.104	0.276	0.257	0.327	0.475	0.623	0.745	0.825	0.854	0.928	0.913	0.953	0.109
20:20:41	29.1	0.303	0.217	0.319	0.333	0.423	0.573	0.662	0.806	0.944	0.948	0.93	0.104	0.194	0.24	0.285	0.328	0.412	0.553	0.624	0.77	0.937	0.949	0.94	0.104	0.19	0.249	0.276	0.378	0.536	0.709	0.761	0.854	0.89	0.874	0.888	0.1	0.224	0.192	0.279	0.391	0.532	0.697	0.819	0.862	0.893	0.868	0.888	0.099	0.283	0.271	0.326	0.41	0.515	0.644	0.759	0.887	0.984	0.998	0.986	0.105	0.263	0.266	0.341	0.41	0.508	0.642	0.765	0.879	0.99	1.013	0.993	0.1	0.217	0.238	0.334	0.467	0.617	0.758	0.823	0.859	0.9	0.96	0.97	0.105	0.274	0.265	0.334	0.483	0.628	0.753	0.821	0.851	0.926	0.913	0.954	0.109
20:36:44	29.1	0.271	0.218	0.296	0.336	0.426	0.577	0.669	0.815	0.937	0.944	0.929	0.105	0.193	0.24	0.279	0.333	0.417	0.562	0.627	0.781	0.941	0.946	0.935	0.104	0.19	0.247	0.28	0.381	0.544	0.718	0.764	0.856	0.89	0.872	0.89	0.101	0.232	0.19	0.282	0.397	0.54	0.708	0.822	0.863	0.895	0.866	0.887	0.099	0.266	0.271	0.33	0.415	0.521	0.643	0.765	0.887	0.98	0.997	0.986	0.105	0.312	0.268	0.352	0.414	0.514	0.651	0.77	0.886	0.984	1.013	0.993	0.1	0.235	0.241	0.338	0.474	0.626	0.764	0.825	0.86	0.902	0.961	0.971	0.104	0.339	0.259	0.337	0.488	0.64	0.756	0.821	0.849	0.928	0.91	0.953	0.109
20:52:48	29.2	0.324	0.217	0.294	0.34	0.432	0.581	0.676	0.824	0.936	0.95	0.923	0.104	0.194	0.241	0.282	0.337	0.422	0.567	0.632	0.79	0.939	0.96	0.937	0.105	0.19	0.275	0.281	0.389	0.553	0.728	0.768	0.856	0.89	0.873	0.885	0.101	0.224	0.189	0.286	0.404	0.55	0.719	0.822	0.861	0.894	0.867	0.887	0.099	0.269	0.274	0.335	0.421	0.531	0.655	0.771	0.887	0.98	0.996	0.986	0.104	0.261	0.27	0.344	0.417	0.52	0.655	0.776	0.885	0.984	1.014	0.993	0.1	0.239	0.242	0.341	0.477	0.631	0.766	0.821	0.858	0.898	0.959	0.97	0.104	0.331	0.262	0.341	0.494	0.643	0.761	0.821	0.851	0.929	0.913	0.95	0.109
21:08:52	29.1	0.31	0.22	0.295	0.342	0.438	0.593	0.688	0.832	0.945	0.947	0.932	0.104	0.194	0.242	0.285	0.34	0.426	0.566	0.64	0.799	0.935	0.945	0.94	0.104	0.19	0.243	0.284	0.393	0.565	0.737	0.763	0.854	0.889	0.872	0.889	0.1	0.224	0.192	0.287	0.408	0.558	0.724	0.825	0.866	0.891	0.866	0.889	0.099	0.266	0.274	0.337	0.422	0.538	0.656	0.776	0.885	0.982	1.001	0.986	0.104	0.287	0.267	0.345	0.422	0.527	0.661	0.778	0.887	0.984	1.012	0.992	0.1	0.23	0.243	0.344	0.486	0.637	0.773	0.822	0.857	0.899	0.959	0.97	0.104	0.323	0.265	0.345	0.5	0.652	0.765	0.823	0.85	0.929	0.911	0.949	0.109
21:24:55	29.1	0.27	0.217	0.296	0.345	0.445	0.594	0.696	0.833	0.934	0.944	0.931	0.104	0.194	0.243	0.287	0.341	0.432	0.572	0.648	0.807	0.936	0.951	0.931	0.104	0.19	0.241	0.287	0.399	0.572	0.748	0.773	0.854	0.885	0.872	0.886	0.101	0.224	0.206	0.289	0.413	0.567	0.735	0.829	0.864	0.889	0.867	0.886	0.099	0.26	0.279	0.341	0.429	0.547	0.662	0.78	0.885	0.983	0.997	0.987	0.104	0.268	0.274	0.358	0.426	0.531	0.664	0.786	0.884	0.985	1.014	0.994	0.1	0.225	0.245	0.35	0.494	0.644	0.779	0.821	0.852	0.9	0.959	0.969	0.104	0.327	0.28	0.35	0.511	0.658	0.771	0.819	0.85	0.928	0.913	0.951	0.108
21:40:59	29.1	0.277	0.218	0.3	0.349	0.451	0.598	0.701	0.839	0.933	0.946	0.93	0.104	0.194	0.243	0.29	0.344	0.435	0.576	0.659	0.814	0.936	0.945	0.93	0.105	0.19	0.242	0.291	0.408	0.579	0.755	0.772	0.856	0.885	0.873	0.884	0.101	0.224	0.182	0.292	0.422	0.572	0.739	0.829	0.863	0.89	0.864	0.886	0.099	0.287	0.292	0.344	0.433	0.555	0.669	0.786	0.881	0.983	0.997	0.987	0.104	0.268	0.275	0.352	0.431	0.541	0.668	0.789	0.883	0.985	1.012	0.995	0.1	0.215	0.247	0.355	0.501	0.649	0.778	0.816	0.855	0.898	0.959	0.969	0.104	0.312	0.265	0.352	0.518	0.666	0.773	0.823	0.847	0.927	0.911	0.948	0.108
21:57:02	29.1	0.266	0.22	0.302	0.353	0.458	0.599	0.712	0.838	0.941	0.946	0.939	0.104	0.195	0.245	0.291	0.348	0.438	0.574	0.662	0.82	0.934	0.953	0.941	0.104	0.191	0.244	0.292	0.413	0.592	0.76	0.774	0.855	0.889	0.869	0.883	0.101	0.234	0.194	0.296	0.427	0.581	0.744	0.831	0.86	0.888	0.867	0.888	0.099	0.279	0.282	0.346	0.437	0.562	0.674	0.788	0.882	0.98	0.996	0.986	0.104	0.26	0.273	0.356	0.439	0.544	0.673	0.796	0.885	0.986	1.012	0.996	0.099	0.216	0.247	0.357	0.508	0.656	0.779	0.819	0.853	0.896	0.959	0.967	0.104	0.362	0.266	0.358	0.527	0.676	0.772	0.818	0.847	0.928	0.909	0.949	0.108
22:13:06	29.1	0.302	0.22	0.306	0.354	0.46	0.6	0.718	0.837	0.936	0.952	0.926	0.104	0.194	0.245	0.294	0.352	0.445	0.577	0.67	0.822	0.933	0.943	0.931	0.104	0.191	0.242	0.297	0.421	0.596	0.765	0.775	0.85	0.888	0.869	0.884	0.1	0.225	0.18	0.299	0.433	0.586	0.75	0.835	0.865	0.894	0.862	0.887	0.099	0.275	0.283	0.349	0.441	0.567	0.678	0.795	0.883	0.979	0.998	0.987	0.104	0.289	0.275	0.358	0.444	0.553	0.678	0.802	0.882	0.984	1.012	0.997	0.099	0.215	0.25	0.36	0.515	0.662	0.778	0.822	0.852	0.897	0.958	0.966	0.105	0.327	0.272	0.362	0.534	0.68	0.774	0.821	0.848	0.929	0.911	0.95	0.108
22:29:09	29.1	0.314	0.219	0.307	0.36	0.465	0.607	0.722	0.84	0.937	0.956	0.934	0.103	0.195	0.246	0.296	0.357	0.455	0.589	0.678	0.823	0.934	0.951	0.937	0.104	0.19	0.253	0.3	0.428	0.604	0.767	0.781	0.849	0.892	0.873	0.883	0.101	0.228	0.184	0.303	0.442	0.596	0.755	0.84	0.859	0.89	0.866	0.887	0.099	0.282	0.288	0.351	0.445	0.577	0.684	0.798	0.883	0.981	0.997	0.988	0.104	0.281	0.278	0.362	0.448	0.559	0.681	0.805	0.886	0.983	1.012	0.995	0.099	0.215	0.252	0.364	0.524	0.668	0.781	0.816	0.852	0.901	0.958	0.968	0.104	0.343	0.274	0.365	0.539	0.688	0.77	0.819	0.845	0.926	0.911	0.946	0.108
22:45:13	29.1	0.313	0.221	0.309	0.361	0.469	0.607	0.727	0.836	0.937	0.952	0.932	0.104	0.195	0.246	0.299	0.359	0.458	0.585	0.692	0.823	0.933	0.943	0.93	0.104	0.191	0.266	0.299	0.429	0.617	0.767	0.788	0.852	0.885	0.868	0.885	0.101	0.233	0.188	0.305	0.447	0.599	0.756	0.841	0.859	0.892	0.862	0.887	0.099	0.24	0.284	0.354	0.447	0.582	0.685	0.805	0.879	0.979	0.996	0.987	0.103	0.267	0.278	0.366	0.448	0.562	0.686	0.809	0.882	0.984	1.012	0.993	0.099	0.216	0.252	0.369	0.53	0.675	0.781	0.818	0.851	0.899	0.959	0.966	0.104	0.345	0.273	0.37	0.549	0.687	0.776	0.82	0.845	0.925	0.909	0.947	0.108
23:01:16	29.1	0.266	0.221	0.311	0.364	0.474	0.616	0.732	0.841	0.936	0.953	0.934	0.103	0.198	0.249	0.301	0.365	0.464	0.598	0.696	0.822	0.933	0.948	0.936	0.104	0.191	0.255	0.304	0.437	0.621	0.773	0.781	0.852	0.891	0.871	0.887	0.1	0.273	0.188	0.309	0.453	0.603	0.761	0.841	0.859	0.886	0.863	0.888	0.099	0.262	0.292	0.354	0.452	0.587	0.692	0.811	0.88	0.98	0.996	0.986	0.104	0.295	0.281	0.368	0.456	0.566	0.688	0.813	0.88	0.981	1.011	0.992	0.099	0.218	0.256	0.373	0.536	0.681	0.783	0.819	0.851	0.899	0.96	0.966	0.104	0.32	0.275	0.378	0.555	0.699	0.772	0.818	0.846	0.926	0.91	0.948	0.108
23:17:20	29.1	0.287	0.222	0.314	0.369	0.481	0.621	0.741	0.835	0.93	0.95	0.931	0.103	0.196	0.247	0.301	0.368	0.469	0.599	0.705	0.822	0.933	0.947	0.934	0.104	0.191	0.26	0.308	0.444	0.627	0.775	0.781	0.85	0.882	0.872	0.889	0.101	0.229	0.182	0.31	0.458	0.61	0.763	0.836	0.857	0.891	0.865	0.886	0.099	0.259	0.296	0.36	0.454	0.593	0.696	0.811	0.881	0.979	0.996	0.987	0.103	0.307	0.281	0.373	0.46	0.573	0.697	0.813	0.876	0.981	1.012	0.993	0.099	0.225	0.258	0.378	0.541	0.684	0.784	0.815	0.85	0.898	0.959	0.964	0.104	0.329	0.279	0.38	0.558	0.7	0.774	0.818	0.844	0.926	0.908	0.946	0.108
23:33:24	29.1	0.318	0.223	0.316	0.369	0.481	0.627	0.747	0.837	0.932	0.951	0.931	0.103	0.198	0.249	0.306	0.374	0.472	0.605	0.717	0.824	0.931	0.947	0.929	0.104	0.192	0.263	0.311	0.45	0.633	0.78	0.776	0.845	0.884	0.866	0.887	0.101	0.254	0.195	0.316	0.461	0.617	0.767	0.839	0.856	0.885	0.859	0.885	0.099	0.234	0.288	0.361	0.463	0.595	0.698	0.814	0.881	0.979	0.998	0.986	0.104	0.292	0.282	0.377	0.465	0.576	0.699	0.815	0.877	0.98	1.013	0.994	0.099	0.219	0.259	0.381	0.548	0.686	0.781	0.813	0.85	0.894	0.959	0.963	0.104	0.282	0.28	0.385	0.567	0.709	0.772	0.817	0.845	0.924	0.909	0.947	0.108
23:49:27	29.1	0.271	0.221	0.317	0.374	0.486	0.626	0.752	0.837	0.93	0.95	0.932	0.103	0.197	0.249	0.306	0.376	0.472	0.603	0.722	0.824	0.932	0.948	0.929	0.104	0.194	0.265	0.313	0.451	0.642	0.78	0.78	0.847	0.881	0.865	0.888	0.1	0.257	0.191	0.317	0.47	0.62	0.765	0.839	0.855	0.888	0.86	0.886	0.099	0.241	0.29	0.365	0.465	0.597	0.699	0.811	0.877	0.977	0.994	0.987	0.104	0.302	0.281	0.379	0.47	0.575	0.703	0.816	0.875	0.981	1.012	0.997	0.099	0.223	0.263	0.389	0.552	0.691	0.78	0.817	0.848	0.896	0.961	0.963	0.104	0.361	0.281	0.391	0.572	0.716	0.771	0.815	0.845	0.923	0.91	0.944	0.108
24:05:31	29.2	0.293	0.222	0.319	0.381	0.49	0.636	0.754	0.837	0.935	0.953	0.93	0.103	0.196	0.25	0.309	0.382	0.477	0.61	0.727	0.825	0.933	0.949	0.931	0.103	0.191	0.254	0.318	0.463	0.651	0.785	0.787	0.848	0.883	0.866	0.894	0.1	0.249	0.178	0.32	0.478	0.627	0.771	0.836	0.86	0.883	0.864	0.885	0.099	0.235	0.29	0.37	0.472	0.599	0.703	0.816	0.877	0.976	0.994	0.986	0.105	0.267	0.286	0.384	0.472	0.581	0.703	0.818	0.875	0.981	1.011	0.996	0.1	0.32	0.264	0.395	0.562	0.69	0.779	0.812	0.847	0.898	0.957	0.964	0.104	0.324	0.283	0.395	0.579	0.718	0.771	0.816	0.845	0.923	0.908	0.942	0.108
24:21:34	29.2	0.327	0.223	0.32	0.384	0.494	0.642	0.765	0.837	0.932	0.953	0.933	0.102	0.197	0.252	0.312	0.385	0.482	0.62	0.731	0.827	0.931	0.946	0.931	0.104	0.192	0.257	0.321	0.47	0.658	0.795	0.779	0.847	0.89	0.867	0.886	0.1	0.257	0.181	0.323	0.483	0.635	0.777	0.836	0.851	0.887	0.858	0.882	0.099	0.236	0.293	0.374	0.475	0.607	0.707	0.817	0.877	0.978	0.996	0.987	0.103	0.265	0.288	0.391	0.475	0.583	0.712	0.818	0.874	0.98	1.011	0.995	0.099	0.251	0.267	0.396	0.568	0.699	0.787	0.811	0.849	0.898	0.958	0.963	0.105	0.282	0.285	0.4	0.585	0.724	0.775	0.813	0.84	0.925	0.908	0.942	0.108
24:37:38	29.1	0.328	0.224	0.324	0.389	0.501	0.649	0.765	0.836	0.933	0.953	0.93	0.103	0.197	0.252	0.315	0.388	0.48	0.625	0.741	0.825	0.933	0.947	0.931	0.104	0.191	0.258	0.324	0.474	0.66	0.792	0.779	0.842	0.881	0.864	0.892	0.1	0.226	0.182	0.326	0.492	0.642	0.779	0.838	0.856	0.882	0.858	0.884	0.099	0.237	0.294	0.376	0.479	0.608	0.711	0.817	0.877	0.976	0.997	0.986	0.104	0.29	0.29	0.392	0.483	0.589	0.713	0.815	0.876	0.981	1.011	0.997	0.099	0.292	0.268	0.403	0.57	0.701	0.784	0.813	0.848	0.896	0.959	0.961	0.104	0.296	0.286	0.405	0.588	0.725	0.775	0.816	0.843	0.923	0.907	0.944	0.108
24:53:42	29.1	0.349	0.223	0.325	0.391	0.511	0.651	0.768	0.836	0.931	0.955	0.931	0.103	0.198	0.253	0.318	0.391	0.487	0.63	0.736	0.821	0.927	0.947	0.934	0.104	0.192	0.255	0.329	0.481	0.669	0.798	0.785	0.844	0.882	0.863	0.886	0.1	0.247	0.183	0.331	0.499	0.648	0.781	0.833	0.856	0.883	0.857	0.88	0.099	0.238	0.297	0.376	0.484	0.612	0.714	0.815	0.876	0.979	0.994	0.985	0.104	0.29	0.29	0.394	0.488	0.593	0.715	0.817	0.874	0.98	1.012	0.995	0.099	0.251	0.27	0.408	0.576	0.704	0.782	0.813	0.848	0.897	0.959	0.963	0.103	0.37	0.287	0.408	0.592	0.725	0.776	0.815	0.837	0.922	0.908	0.943	0.108
25:09:45	29.1	0.28	0.224	0.327	0.394	0.503	0.662	0.773	0.836	0.932	0.956	0.931	0.103	0.197	0.255	0.318	0.393	0.487	0.638	0.743	0.82	0.934	0.947	0.931	0.104	0.198	0.254	0.33	0.487	0.674	0.797	0.78	0.847	0.881	0.863	0.886	0.1	0.259	0.192	0.336	0.505	0.652	0.788	0.84	0.855	0.888	0.859	0.884	0.099	0.273	0.3	0.383	0.488	0.614	0.722	0.815	0.877	0.977	0.993	0.986	0.104	0.325	0.292	0.4	0.492	0.596	0.719	0.819	0.875	0.981	1.011	0.992	0.099	0.251	0.274	0.411	0.582	0.704	0.783	0.811	0.847	0.897	0.958	0.963	0.103	0.369	0.292	0.413	0.597	0.728	0.775	0.814	0.837	0.923	0.909	0.942	0.108
25:25:49	29.1	0.277	0.224	0.33	0.399	0.508	0.663	0.776	0.837	0.929	0.956	0.93	0.102	0.2	0.255	0.322	0.397	0.496	0.644	0.75	0.814	0.931	0.948	0.932	0.103	0.2	0.262	0.336	0.496	0.677	0.801	0.777	0.848	0.882	0.865	0.892	0.1	0.232	0.193	0.336	0.51	0.653	0.789	0.833	0.852	0.882	0.856	0.884	0.099	0.242	0.299	0.387	0.491	0.619	0.724	0.816	0.878	0.975	0.995	0.986	0.104	0.298	0.293	0.403	0.498	0.596	0.721	0.817	0.871	0.979	1.011	0.991	0.099	0.259	0.276	0.415	0.588	0.711	0.785	0.809	0.846	0.894	0.959	0.961	0.103	0.34	0.292	0.416	0.602	0.731	0.775	0.814	0.842	0.923	0.906	0.942	0.108
25:41:52	29.1	0.267	0.225	0.332	0.402	0.509	0.668	0.767	0.838	0.926	0.954	0.93	0.102	0.225	0.256	0.323	0.4	0.5	0.647	0.746	0.817	0.931	0.947	0.932	0.103	0.21	0.259	0.338	0.501	0.683	0.803	0.778	0.846	0.879	0.865	0.883	0.1	0.234	0.186	0.341	0.514	0.659	0.789	0.833	0.856	0.884	0.862	0.882	0.099	0.247	0.302	0.387	0.496	0.623	0.726	0.815	0.879	0.976	0.996	0.987	0.104	0.317	0.296	0.403	0.502	0.601	0.722	0.815	0.871	0.978	1.01	0.993	0.099	0.29	0.278	0.42	0.589	0.708	0.782	0.808	0.845	0.896	0.959	0.961	0.103	0.264	0.294	0.422	0.603	0.73	0.776	0.81	0.842	0.921	0.908	0.942	0.108
