Time	T° mCherry:588,620	A1	A2	A3	A4	A5	A6	A7	A8	A9	A10	A11	A12	B1	B2	B3	B4	B5	B6	B7	B8	B9	B10	B11	B12	C1	C2	C3	C4	C5	C6	C7	C8	C9	C10	C11	C12	D1	D2	D3	D4	D5	D6	D7	D8	D9	D10	D11	D12	E1	E2	E3	E4	E5	E6	E7	E8	E9	E10	E11	E12	F1	F2	F3	F4	F5	F6	F7	F8	F9	F10	F11	F12	G1	G2	G3	G4	G5	G6	G7	G8	G9	G10	G11	G12	H1	H2	H3	H4	H5	H6	H7	H8	H9	H10	H11	H12
0:00:11	29.1	388	290	331	368	387	340	382	363	376	312	340	220	286	384	305	320	331	285	343	323	298	310	341	277	311	318	380	340	350	399	396	323	363	326	342	270	333	356	375	368	350	359	332	373	367	298	309	215	284	254	275	254	234	301	257	284	233	257	267	260	293	251	295	251	255	272	272	214	257	272	208	297	264	221	289	267	284	229	264	247	221	235	232	228	253	220	276	279	245	263	266	256	224	228	228	248
0:16:14	29.1	403	322	388	433	419	381	388	353	337	391	365	232	315	365	343	318	368	380	299	323	328	357	314	247	318	383	343	356	366	353	372	344	352	383	305	264	383	353	444	411	393	427	385	341	386	351	374	251	256	233	297	234	244	239	255	260	216	228	257	249	229	219	222	204	254	232	259	229	221	219	235	246	231	256	266	255	238	246	218	230	250	223	268	267	252	242	234	241	240	241	228	255	242	245	239	260
0:32:18	29.1	428	376	458	412	418	392	400	421	370	450	472	233	365	366	377	399	343	362	333	372	392	395	364	281	358	399	381	426	398	404	421	333	384	385	338	246	367	419	447	397	350	499	373	420	403	370	357	259	257	248	264	273	230	285	295	269	245	208	254	285	239	243	237	256	278	265	256	229	262	271	268	297	257	275	258	260	253	253	239	256	238	261	218	250	260	288	250	259	240	264	274	274	263	255	232	289
0:48:21	29.1	463	383	493	453	436	416	415	377	428	359	380	247	312	368	346	371	453	405	308	364	397	358	362	247	406	437	456	392	401	406	398	383	351	403	401	269	473	410	423	351	378	407	386	381	385	409	322	243	204	235	226	226	272	264	221	273	237	224	241	248	207	209	254	238	241	268	267	265	288	298	241	241	240	234	269	243	293	249	277	201	251	219	237	252	251	274	253	288	231	220	210	275	259	243	255	287
1:04:25	29.1	476	447	460	464	440	459	412	411	408	431	443	221	342	447	356	358	352	397	296	362	406	389	367	253	374	388	368	448	391	374	407	404	406	406	377	240	461	422	442	408	445	459	379	380	433	416	329	264	276	256	254	220	265	250	253	208	292	214	257	276	233	259	276	272	235	258	285	222	248	267	259	278	210	218	281	250	221	220	199	230	250	220	261	286	239	293	278	244	259	281	261	259	270	227	258	279
1:20:28	29.1	500	435	484	414	431	443	394	408	394	407	515	277	375	421	384	430	389	400	349	310	479	430	347	309	398	442	370	427	359	418	426	400	414	402	416	317	509	402	537	407	427	479	374	370	433	396	377	253	259	243	257	283	271	251	252	268	246	240	247	284	272	273	240	247	271	245	215	214	222	281	311	264	240	244	249	251	286	290	248	252	295	219	208	299	251	228	275	252	258	212	243	295	211	272	223	260
1:36:32	29.1	529	392	462	491	440	503	443	412	420	450	434	226	345	422	404	409	373	424	384	355	388	367	392	272	379	419	438	416	431	435	375	367	413	391	345	283	504	450	442	463	431	406	442	354	494	362	406	254	272	208	242	253	248	234	266	277	220	247	244	284	225	265	243	223	260	269	274	241	262	228	231	258	267	253	225	241	277	259	218	260	223	241	252	260	226	223	223	242	286	261	229	214	281	244	239	285
1:52:35	29.1	566	348	412	389	478	431	435	476	427	515	433	269	368	440	402	441	410	381	448	344	398	428	429	247	381	439	386	434	474	409	361	381	444	425	417	277	583	463	472	463	416	404	434	399	411	369	406	220	243	232	244	199	279	212	253	250	244	266	217	256	242	229	233	230	224	298	229	320	304	269	277	278	244	240	260	311	232	245	242	239	238	251	274	249	279	276	261	245	292	253	262	253	263	254	232	219
2:08:39	29.1	462	404	545	427	433	436	409	422	472	426	460	268	374	371	337	440	438	466	395	328	429	410	460	244	374	464	428	444	431	420	448	436	434	453	432	263	598	473	463	391	470	412	401	440	401	443	400	240	200	254	257	266	242	264	246	244	247	248	300	258	233	250	226	240	255	237	243	236	255	241	261	276	227	243	224	244	267	221	220	252	272	259	214	235	277	216	246	218	245	258	245	262	259	283	239	246
2:24:42	29.1	486	397	484	413	489	509	407	413	433	478	467	270	341	439	380	407	417	391	356	442	420	378	354	256	347	427	450	490	466	429	403	369	396	413	478	271	597	448	451	435	397	469	410	431	429	400	361	284	238	268	230	216	306	301	265	255	202	215	236	249	258	291	262	255	272	241	241	254	231	257	238	236	234	216	218	235	293	276	254	237	253	237	208	262	253	223	287	231	258	235	204	276	216	255	267	291
2:40:46	29.1	450	409	439	431	454	501	454	459	415	433	459	250	424	351	409	413	396	481	390	427	441	387	428	297	362	462	435	403	420	468	432	414	484	482	450	308	595	429	428	405	431	446	460	435	493	354	383	270	262	235	216	254	257	272	258	276	239	256	278	214	245	267	258	228	271	248	236	269	296	230	290	244	242	259	236	237	287	226	236	276	216	244	261	291	268	289	250	279	216	238	312	274	276	268	265	279
2:56:50	29.1	513	403	492	454	419	518	435	452	459	394	469	230	383	461	398	368	434	484	409	413	507	409	385	261	410	448	463	462	463	437	391	445	448	460	397	258	566	471	504	443	482	445	443	410	455	415	385	264	231	234	233	220	247	260	254	228	264	211	274	300	238	258	250	283	216	273	266	228	236	302	260	235	226	244	255	226	229	225	242	227	240	264	248	242	223	212	223	262	187	241	226	277	244	243	249	270
3:12:53	29.1	476	433	434	456	483	497	419	441	503	477	454	272	406	419	387	388	399	450	439	435	436	448	388	270	435	460	421	456	405	422	425	385	520	473	403	287	521	435	467	425	482	495	411	433	492	389	388	242	254	254	258	253	268	249	243	254	253	248	231	245	236	224	271	268	234	234	226	206	260	251	251	275	245	285	209	243	245	233	231	250	286	257	269	232	225	224	271	236	245	258	240	281	213	245	224	250
3:28:57	29.1	443	385	456	481	516	516	458	463	488	469	491	241	379	407	381	452	447	416	409	389	480	493	427	263	447	473	398	394	479	447	437	428	418	406	417	239	512	494	441	456	432	490	454	429	419	395	449	246	288	230	213	284	247	231	216	267	283	293	245	221	241	263	222	242	254	236	224	234	250	237	255	290	220	226	244	266	248	237	275	268	260	197	281	287	205	240	238	223	236	260	244	268	240	245	250	264
3:45:00	29.1	446	383	439	501	487	504	475	498	434	449	527	255	386	408	417	408	462	430	401	383	438	443	392	253	378	459	438	437	441	409	436	412	435	499	391	276	498	394	486	395	430	430	490	457	499	413	426	276	232	221	268	214	256	269	235	256	286	245	255	244	239	264	223	251	240	187	284	233	232	268	245	260	240	281	230	209	229	245	222	262	257	236	290	283	228	255	260	225	229	242	248	238	235	266	282	236
4:01:04	29.1	502	386	482	478	481	463	485	415	491	493	516	245	337	385	425	420	419	439	467	403	471	467	434	248	388	472	399	380	451	409	448	430	465	471	459	298	520	435	453	512	501	507	445	409	481	413	516	204	239	267	261	240	252	220	258	265	303	270	243	249	238	233	296	213	223	263	254	281	248	251	238	247	236	264	229	249	235	246	270	316	251	260	270	237	264	238	253	249	230	269	208	291	230	218	215	224
4:17:07	29.1	455	341	470	496	480	524	485	493	566	530	518	274	377	378	447	377	450	431	452	450	445	489	448	275	401	408	433	395	479	512	495	421	476	519	506	264	474	403	413	427	483	468	413	456	501	398	427	258	243	246	228	254	264	247	273	258	266	243	236	246	255	208	261	212	263	257	267	230	251	287	227	284	234	233	257	196	237	231	229	282	230	227	231	253	243	245	243	276	255	237	251	236	235	244	248	253
4:33:11	29.1	474	382	476	533	514	502	434	451	463	524	529	273	358	407	400	468	439	422	401	392	503	479	466	231	404	487	446	422	497	515	482	488	514	541	512	285	538	458	463	478	523	501	445	468	480	468	461	268	238	266	272	256	258	241	216	205	245	270	290	216	293	217	299	232	243	232	236	250	275	254	228	247	236	229	267	215	309	272	244	250	211	264	218	269	248	252	278	242	253	236	264	251	255	291	288	280
4:49:15	29.1	488	454	444	501	465	520	451	470	437	566	551	279	360	406	391	440	448	498	445	395	467	514	480	245	391	512	437	444	415	424	442	483	508	580	446	255	552	441	459	445	475	513	466	462	494	508	494	230	233	214	238	218	229	282	229	247	250	265	255	227	226	247	268	301	271	265	212	290	251	299	297	229	258	259	251	240	284	244	289	282	211	279	266	235	271	274	252	272	234	235	286	270	256	238	247	216
5:05:18	29.1	545	406	470	475	495	492	448	473	567	602	654	272	390	394	430	482	451	432	419	409	497	532	483	249	322	473	447	437	443	493	481	461	555	544	579	273	540	451	486	407	428	469	460	444	500	541	451	247	252	263	279	229	234	255	250	282	249	253	284	254	208	250	282	219	256	192	223	230	244	233	235	276	247	240	245	225	247	255	257	244	237	288	220	280	290	247	227	213	245	212	227	270	283	260	229	243
5:21:21	29.1	454	380	529	537	529	530	477	467	541	621	579	264	360	364	418	392	505	483	448	440	520	545	589	249	384	460	453	432	466	510	465	436	516	576	529	296	503	426	470	485	455	506	438	545	573	564	585	245	265	250	284	246	208	264	247	285	260	327	260	244	230	248	309	242	200	234	221	247	223	265	226	240	210	242	256	229	266	266	257	235	263	210	174	256	223	265	227	222	287	257	215	248	239	224	238	223
5:37:25	29.1	481	397	527	506	538	537	504	517	576	606	584	293	389	438	420	472	483	447	454	455	549	618	519	320	397	433	477	462	456	506	525	515	573	615	593	250	426	449	394	460	445	461	482	512	521	588	546	278	250	272	225	240	233	270	233	206	274	317	235	263	218	199	258	225	268	261	245	235	263	241	291	274	228	255	234	278	248	219	255	295	245	273	241	234	273	253	226	268	229	197	299	245	262	230	278	298
5:53:29	29.1	485	427	537	479	458	501	464	512	631	596	643	255	440	441	438	371	436	470	448	493	513	502	545	247	406	434	420	423	502	517	442	468	598	641	544	276	443	430	493	450	496	527	496	472	558	553	513	236	213	208	238	218	273	257	269	258	297	253	258	235	231	228	268	254	274	254	269	256	270	264	242	293	253	197	289	293	286	243	226	262	258	210	225	247	235	226	233	235	265	235	238	231	285	274	237	251
6:09:32	29.1	506	399	505	502	567	532	582	474	571	675	787	226	376	418	420	447	466	408	427	437	517	619	610	287	393	492	463	446	505	487	515	483	590	578	569	276	524	439	455	507	530	489	587	523	627	494	580	300	282	229	228	256	228	223	244	305	272	227	251	257	219	242	204	250	219	248	233	247	264	229	281	262	263	267	257	252	229	214	257	223	308	294	232	218	227	249	239	244	245	266	273	278	255	276	249	224
6:25:36	29.1	459	399	510	460	611	536	551	527	639	659	657	216	394	412	410	437	405	440	482	464	561	583	557	267	373	451	374	442	457	501	453	509	624	641	632	254	465	418	458	500	454	507	460	520	596	579	605	234	203	254	253	230	263	270	242	262	275	250	235	294	190	249	231	260	239	241	239	216	259	304	247	266	283	263	248	254	272	264	261	257	223	266	208	269	273	226	271	232	267	249	225	233	266	230	257	241
6:41:39	29.1	463	403	460	571	506	535	500	542	577	689	738	240	395	473	423	444	486	473	468	507	588	549	635	297	399	457	390	507	538	534	584	579	599	573	596	272	566	427	440	491	440	537	517	571	561	530	573	249	218	268	220	262	253	232	220	229	244	253	220	234	230	249	260	254	221	278	283	243	257	266	253	257	230	247	256	244	249	240	310	247	243	241	298	297	285	241	246	242	253	230	232	246	265	208	262	220
6:57:43	29.1	507	401	507	499	510	549	542	547	595	672	681	233	370	409	430	436	457	519	501	517	587	535	647	263	398	451	432	509	483	512	556	607	646	635	638	233	449	409	501	474	501	512	537	568	591	573	604	246	218	231	281	255	264	261	239	288	267	266	218	243	215	293	243	243	236	242	243	272	274	251	244	252	261	259	222	226	226	259	247	281	245	266	260	278	253	209	279	270	285	239	291	241	264	232	237	277
7:13:46	29.1	465	433	532	492	554	517	530	678	598	604	644	248	358	367	450	456	457	446	498	485	680	607	631	261	395	478	500	488	466	586	508	533	631	717	629	234	512	434	437	477	489	534	516	567	609	619	606	275	232	260	212	237	247	241	276	281	242	222	199	264	261	221	233	235	231	248	292	252	305	237	268	261	221	241	261	320	209	263	294	227	244	216	215	231	247	210	229	287	248	251	249	280	295	244	241	236
7:29:50	29.1	497	421	539	471	518	563	578	631	602	742	775	250	364	489	385	519	451	539	445	499	590	660	667	239	404	435	496	526	473	554	584	545	698	698	630	239	505	466	452	483	525	615	593	625	595	638	688	229	246	212	253	248	254	295	273	226	246	221	240	257	219	231	236	189	209	225	246	242	243	193	251	240	264	225	240	266	239	195	316	271	243	212	256	250	241	238	216	234	215	263	276	276	250	266	210	262
7:45:53	29.1	448	402	521	547	601	553	574	617	671	700	691	248	408	443	447	518	497	498	506	533	651	685	604	241	398	435	495	500	508	592	575	608	660	691	623	260	487	473	475	530	506	539	613	656	647	714	619	244	236	221	238	251	260	241	280	217	272	253	229	307	220	188	243	227	222	282	235	225	246	235	226	261	283	227	256	254	266	273	283	269	235	248	249	216	225	251	262	232	302	214	279	273	267	270	219	244
8:01:57	29.1	482	392	540	544	552	618	571	576	708	755	688	224	365	399	485	510	501	520	510	592	662	639	640	250	378	479	461	500	555	542	597	666	655	730	695	257	481	493	480	498	546	555	544	532	725	638	736	262	238	216	273	191	243	228	279	217	256	234	190	269	186	280	202	264	277	249	301	262	288	221	238	284	222	263	246	227	286	272	299	238	236	193	265	274	305	262	249	224	257	259	280	218	221	264	258	278
8:18:00	29.1	514	370	543	571	552	585	601	600	716	825	793	235	406	446	516	499	521	515	499	521	640	748	729	292	438	459	512	495	474	557	636	663	709	818	698	277	547	479	463	515	476	631	585	619	703	767	703	252	242	206	217	274	263	241	294	273	215	253	251	251	217	249	242	240	272	235	230	262	265	248	209	234	227	210	222	238	245	287	232	253	214	235	238	232	195	282	253	265	215	239	287	296	238	275	184	240
8:34:04	29.1	507	439	597	544	564	543	609	622	694	775	819	249	372	465	397	528	467	458	483	528	667	626	746	253	338	464	511	480	551	603	668	634	659	826	790	231	521	419	470	486	529	560	535	619	747	688	704	275	273	244	238	198	250	274	273	250	220	238	239	266	242	266	238	260	282	261	254	216	233	229	230	268	220	228	232	259	214	297	268	226	231	231	222	234	256	222	262	239	220	277	243	262	265	242	223	254
8:50:07	29.1	451	462	601	532	568	626	605	649	817	803	888	231	416	452	464	480	528	523	528	574	691	756	699	251	394	489	462	505	556	544	603	614	717	897	781	246	413	444	537	451	558	566	614	658	752	750	731	217	249	261	238	231	266	250	242	242	224	226	281	274	255	260	232	220	265	252	253	231	213	269	232	226	232	254	241	258	294	293	266	252	249	216	251	261	240	234	229	228	234	208	264	224	242	293	251	270
9:06:11	29.1	470	451	552	544	538	598	602	690	792	845	930	306	384	433	459	513	530	543	465	557	670	815	758	241	344	488	442	480	579	573	640	680	843	941	785	214	424	480	503	530	563	569	626	674	809	893	830	227	232	219	266	307	243	257	280	185	224	223	222	229	263	248	251	249	257	249	242	269	263	235	245	275	254	243	216	276	249	264	256	209	220	238	225	242	237	253	227	260	252	234	189	274	222	244	232	250
9:22:14	29.1	452	419	558	555	570	602	729	696	751	906	983	252	373	470	457	469	448	606	535	606	703	797	847	189	377	482	492	433	542	654	645	709	839	1000	832	260	469	399	493	548	488	673	607	667	819	797	835	237	253	217	261	234	276	213	273	249	237	232	218	230	241	210	250	208	234	244	279	275	254	258	229	228	265	275	279	238	261	265	253	261	300	261	218	222	257	279	287	259	268	306	273	229	241	266	260	227
9:38:18	29.1	466	461	540	549	553	670	690	717	734	1012	1074	256	359	459	526	469	476	523	587	635	770	909	876	239	418	526	490	557	556	623	635	672	871	949	903	269	414	465	499	559	579	654	685	784	900	961	843	249	218	250	216	249	236	213	291	259	216	268	230	272	257	258	235	232	281	237	306	257	230	252	254	308	266	227	250	253	220	203	207	212	222	260	274	260	246	200	293	226	239	238	231	207	193	234	238	235
9:54:21	29.1	450	448	557	529	541	588	696	785	847	1038	963	276	358	488	482	574	484	548	578	635	754	883	848	272	361	498	488	487	569	638	706	675	944	1156	947	234	448	435	529	507	539	689	652	757	922	885	942	251	256	265	229	268	259	241	264	228	214	223	220	237	240	254	227	259	256	217	213	295	199	261	210	239	247	238	227	244	252	247	222	256	224	241	244	273	277	290	263	256	233	192	276	232	225	250	245	244
10:10:25	29.1	532	463	570	546	660	663	697	709	876	1072	1030	264	327	436	468	463	564	531	557	610	779	937	996	278	415	517	575	473	607	617	665	699	940	1143	1061	228	433	473	514	528	601	707	703	742	982	1021	969	225	259	268	239	206	260	290	292	223	226	228	216	272	240	249	236	231	226	235	224	227	262	238	259	206	253	235	235	265	271	230	225	238	287	245	254	271	249	264	244	199	280	269	256	196	257	250	219	276
10:26:28	29.1	488	418	562	531	595	669	778	864	783	1182	1175	305	420	491	487	463	513	579	601	575	810	1052	1000	239	401	497	488	551	648	641	666	756	931	1218	1139	267	488	398	522	486	559	719	679	774	934	1120	1011	242	253	258	195	266	242	298	256	222	155	279	232	236	240	257	240	239	216	282	250	265	255	234	260	266	206	259	293	238	266	254	255	278	230	218	227	270	236	233	235	250	237	260	255	289	202	288	248	235
10:42:32	29.1	462	434	590	574	583	621	710	759	899	1265	1238	233	390	454	526	471	525	625	600	605	779	1074	1166	246	400	524	537	491	636	704	765	757	1069	1339	1194	246	477	471	524	584	651	661	706	883	1049	1131	1212	246	259	250	248	221	226	301	262	230	251	218	262	264	244	267	236	234	280	289	252	232	207	240	202	216	227	202	286	258	270	263	227	229	245	292	244	301	242	262	254	226	261	255	249	275	248	242	205	232
10:58:36	29.1	526	437	534	554	573	695	728	770	945	1297	1216	216	373	501	560	497	531	642	564	696	902	1121	1162	260	424	486	493	526	607	631	795	804	1137	1367	1236	234	466	488	524	591	572	756	758	752	1108	1189	1162	309	273	269	250	244	263	232	251	217	251	236	247	239	229	234	269	253	245	263	248	235	219	267	247	265	240	262	247	230	253	225	262	242	219	218	233	247	267	282	293	254	292	258	263	250	217	249	214	269
11:14:39	29.1	461	388	564	581	735	696	686	727	966	1346	1423	262	447	430	511	444	507	659	632	681	880	1213	1304	247	441	489	506	542	640	617	755	879	1144	1471	1371	247	450	412	538	602	641	712	695	792	1027	1278	1248	251	240	237	260	241	246	252	260	229	206	233	213	256	232	219	234	245	245	274	292	276	222	205	254	248	228	281	284	238	311	261	224	271	282	251	228	236	297	239	260	263	268	257	260	257	221	253	254	270
11:30:43	29.1	498	443	540	553	626	692	744	863	1006	1387	1438	235	365	488	484	513	620	658	546	641	941	1260	1400	256	396	552	473	566	649	640	760	847	1276	1554	1370	262	445	492	513	546	566	693	758	930	1226	1295	1359	259	229	217	259	237	241	245	230	228	247	200	250	273	258	230	229	215	209	274	270	271	238	259	279	258	235	218	213	248	278	213	242	255	287	247	237	221	242	250	266	238	278	264	243	214	269	236	220	258
11:46:46	29.1	519	456	621	489	620	748	707	836	1030	1378	1569	304	404	500	487	516	530	591	590	737	936	1317	1442	246	425	492	519	552	696	703	778	909	1315	1660	1422	228	465	434	530	584	694	718	847	941	1289	1434	1381	261	240	220	210	267	251	274	265	202	208	219	212	254	237	251	273	325	279	249	278	258	260	210	246	247	216	252	240	283	319	230	275	243	215	226	235	238	257	208	234	247	275	255	231	267	224	280	233	211
12:02:50	29.1	427	444	581	583	661	733	709	818	1075	1441	1583	262	362	560	489	527	590	678	589	736	999	1274	1447	234	349	547	460	601	637	754	819	945	1291	1745	1516	222	423	505	467	627	700	734	861	971	1294	1513	1572	281	267	209	228	274	266	238	220	250	235	217	199	274	258	235	224	234	273	264	276	230	250	301	282	210	258	251	239	236	260	231	241	265	255	209	256	215	229	264	234	250	238	189	245	202	278	252	227	202
12:18:53	29.1	532	460	584	576	640	771	806	829	1089	1469	1652	227	457	466	593	538	485	650	623	704	1068	1362	1589	225	381	485	550	541	718	685	818	954	1386	1756	1644	265	480	469	514	544	684	746	838	883	1396	1603	1555	289	223	274	221	210	229	226	225	229	260	202	250	263	268	275	265	247	216	262	259	252	239	230	218	223	244	231	260	228	270	227	216	275	229	247	265	252	274	218	239	268	254	237	274	211	221	246	211	248
12:34:57	29.1	528	384	570	530	635	743	864	881	1113	1584	1719	237	371	477	519	548	634	640	681	730	1138	1528	1615	220	440	489	545	564	684	785	796	950	1484	1970	1715	239	439	489	547	607	748	730	855	1030	1430	1689	1656	277	255	202	211	224	261	317	273	226	202	215	230	240	248	228	283	223	244	260	250	230	291	273	224	242	229	264	247	233	260	264	234	220	273	230	267	230	237	238	254	263	255	219	227	204	275	242	238	289
12:51:00	29.1	422	444	613	575	571	659	809	828	1162	1526	1746	241	397	488	547	548	602	744	695	772	1218	1521	1740	239	393	472	492	553	710	785	902	1046	1504	1940	1808	208	519	425	523	620	709	818	872	993	1594	1709	1752	265	227	242	239	241	234	276	253	226	248	226	253	245	234	228	199	252	241	252	253	238	229	216	275	244	245	252	230	268	257	226	236	245	279	238	244	247	275	269	258	261	293	245	224	239	244	260	257	201
13:07:04	29.1	560	451	581	608	663	686	771	889	1258	1741	1888	242	393	480	505	535	595	660	722	785	1210	1702	1901	249	364	478	504	634	647	760	832	1054	1555	2066	1804	246	444	420	595	608	623	782	878	1053	1586	1788	1717	217	229	210	224	241	228	266	262	240	221	252	205	250	203	206	256	260	275	283	217	238	226	243	241	255	269	260	246	209	225	248	236	234	222	221	262	263	278	312	251	220	309	238	233	278	227	214	216	271
13:23:07	29.1	514	433	593	672	711	752	801	890	1281	1770	2017	265	348	440	506	526	597	647	731	798	1138	1713	1828	260	431	432	586	609	690	795	895	1142	1689	1977	1918	280	476	445	494	621	696	748	970	1072	1724	1926	1978	235	215	212	192	259	244	256	277	198	238	256	259	266	225	234	232	198	279	303	204	244	278	203	275	229	212	277	239	238	254	224	224	247	231	242	234	248	240	235	290	278	255	231	240	241	242	227	227	229
13:39:11	29.1	488	508	544	603	653	808	823	1004	1359	1830	2041	262	371	490	507	494	622	719	723	857	1195	1741	1905	232	381	480	521	636	844	760	955	1195	1707	2105	1975	239	525	444	543	646	765	780	940	1120	1708	2009	1925	267	265	228	209	241	293	226	224	252	250	237	261	282	225	248	248	268	287	252	227	218	236	237	252	263	278	222	251	248	267	248	258	262	274	247	232	243	261	252	260	239	261	235	270	204	234	264	275	201
13:55:15	29.1	488	501	567	587	755	867	825	1001	1341	1844	2234	254	346	488	518	577	622	721	726	842	1278	1856	1913	218	401	475	515	670	693	800	899	1211	1792	2286	2131	248	429	460	486	662	722	877	999	1247	1880	2092	1946	225	226	267	261	247	238	276	233	245	205	278	219	233	279	246	208	263	245	247	239	254	241	284	253	282	284	219	274	254	243	226	249	253	237	254	263	190	232	233	187	286	247	253	219	274	234	228	252	279
14:11:18	29.1	435	419	636	596	696	839	834	1011	1296	2047	2174	254	355	432	530	530	647	761	804	912	1334	1936	2190	253	397	522	564	620	750	901	1003	1278	2053	2282	2183	268	440	460	565	634	748	801	1093	1336	1989	2128	2062	253	202	206	236	217	259	279	255	225	250	265	244	238	210	256	269	276	267	212	289	218	225	236	277	269	297	235	261	260	269	263	228	206	265	225	250	223	257	242	237	277	251	239	233	229	225	248	230	245
14:27:22	29.1	541	444	554	586	687	880	895	969	1485	2036	2075	254	436	463	522	585	626	781	709	962	1356	2013	2240	287	345	562	536	677	749	901	1092	1299	1891	2396	2203	246	544	473	572	724	728	912	1029	1240	2028	2149	2162	277	245	267	237	217	278	236	251	263	260	239	244	242	226	247	244	288	259	248	253	267	229	261	231	280	291	278	260	276	263	231	271	260	258	242	225	251	257	235	270	273	248	252	259	263	302	223	199	255
14:43:25	29.1	536	446	605	615	760	845	904	1134	1456	2035	2338	236	392	459	520	579	643	795	771	946	1421	2080	2279	232	369	477	520	698	746	922	1066	1369	2004	2365	2267	218	459	459	536	628	751	855	1057	1190	2061	2318	2198	218	218	224	235	246	245	255	241	253	254	252	265	210	261	230	221	268	279	293	219	299	239	263	198	243	206	247	245	250	291	253	210	231	278	232	230	241	245	210	273	274	281	259	214	223	246	211	234	248
14:59:29	29.1	509	457	531	646	684	905	959	1082	1507	2139	2251	282	355	485	559	506	611	783	688	998	1429	2035	2315	247	389	506	509	652	772	833	1104	1363	2070	2530	2296	257	430	487	487	661	760	890	1012	1350	2028	2390	2185	217	211	225	219	234	301	259	258	246	253	260	285	273	251	257	248	278	239	216	237	197	245	277	239	224	261	268	241	227	258	264	250	254	245	226	263	278	235	223	265	267	244	241	242	235	239	231	248	257
15:15:33	29.1	512	422	612	639	722	851	941	1121	1624	2372	2326	220	474	443	527	546	641	704	797	931	1467	2245	2406	215	387	609	552	714	779	949	1034	1476	2083	2439	2331	279	484	530	556	711	792	906	1129	1331	2079	2319	2250	284	237	296	210	255	265	274	198	226	240	253	241	214	224	235	278	301	287	225	207	263	249	281	282	198	251	231	196	283	240	240	293	232	232	253	248	255	274	243	259	244	241	262	275	235	230	227	247	212
15:31:36	29.1	447	448	560	600	743	793	976	1258	1673	2340	2269	207	436	490	555	573	700	753	857	954	1536	2219	2405	241	362	412	582	733	815	1002	1034	1500	2225	2573	2347	259	484	415	575	724	832	1021	1164	1412	2256	2317	2227	290	252	233	222	255	236	250	253	250	288	249	259	259	236	237	229	258	249	252	245	202	272	258	231	239	210	259	247	266	257	225	238	225	250	244	278	244	266	284	228	295	277	270	225	225	231	238	250	235
15:47:40	29.1	571	440	585	662	757	841	1023	1192	1638	2265	2361	247	382	470	464	695	711	800	946	1156	1561	2169	2422	248	327	560	513	686	806	1002	1114	1544	2268	2451	2455	275	422	458	498	688	767	1004	1145	1626	2279	2447	2442	282	300	290	237	308	300	229	230	230	230	281	259	259	232	219	263	253	219	224	290	224	259	255	260	225	226	201	289	252	311	209	235	272	287	253	235	230	229	230	244	239	246	258	205	198	215	193	258	305
16:03:43	29.1	511	421	612	634	751	942	1048	1256	1761	2276	2215	258	457	454	554	632	740	899	893	1072	1667	2304	2326	213	440	518	516	654	861	1007	1106	1557	2403	2438	2395	234	453	462	592	734	782	1017	1169	1530	2307	2414	2420	224	254	246	281	239	281	270	249	203	255	229	291	249	253	275	212	286	242	243	238	259	308	258	299	241	253	225	245	260	244	216	242	250	270	250	269	289	223	211	221	264	229	232	205	239	225	195	262	246
16:19:47	29.1	556	462	552	706	769	840	1051	1310	1775	2306	2404	252	398	500	544	586	771	874	869	1155	1771	2349	2295	266	386	509	560	666	842	974	1256	1635	2374	2512	2525	266	389	457	592	716	815	1045	1212	1559	2419	2321	2376	261	231	278	247	234	211	271	241	225	239	263	262	239	240	234	248	233	250	244	230	222	257	247	239	282	217	265	247	215	255	264	235	255	280	237	278	213	276	194	212	281	236	210	217	229	223	282	246	262
16:35:50	29.1	561	450	606	644	725	912	1043	1368	1942	2360	2309	236	451	463	557	601	700	820	931	1211	1766	2325	2399	239	378	537	584	722	796	1035	1295	1581	2409	2407	2511	260	401	422	611	734	829	1093	1403	1705	2348	2558	2224	269	256	215	220	236	219	243	230	256	249	246	202	246	210	228	231	238	241	261	264	255	249	282	250	227	218	221	210	266	305	254	255	237	241	249	283	225	280	254	264	319	228	245	249	250	235	258	255	249
16:51:54	29.1	487	422	617	715	769	890	1052	1347	1816	2353	2506	242	494	487	554	689	701	889	843	1148	1753	2264	2368	227	379	509	594	696	825	1074	1367	1748	2435	2542	2373	252	383	500	606	771	876	1085	1332	1738	2450	2519	2310	242	207	258	235	276	261	271	200	252	230	243	249	253	185	203	255	258	242	242	197	243	291	210	277	283	262	227	247	255	268	303	246	213	249	254	279	233	283	255	291	226	253	227	242	245	223	275	278	246
17:07:58	29.1	569	432	586	628	809	968	1102	1431	1883	2581	2436	218	435	468	546	599	679	877	961	1190	1770	2229	2421	211	372	515	604	686	916	1158	1335	1750	2370	2613	2395	217	451	476	651	731	892	1108	1340	1721	2441	2527	2472	224	238	249	238	240	234	227	272	256	271	288	264	232	225	253	251	283	238	221	242	257	316	226	235	253	236	245	239	261	268	210	246	233	243	277	274	271	305	236	284	263	244	207	255	275	253	233	249	263
17:24:01	29.1	485	467	569	666	815	963	1169	1424	1896	2492	2409	239	452	455	566	686	723	781	988	1280	1896	2318	2339	289	374	498	583	749	964	1063	1407	1739	2450	2279	2396	256	480	489	569	827	925	985	1433	1743	2417	2413	2358	270	229	211	262	245	261	250	217	266	223	207	242	231	240	290	249	308	249	253	247	238	242	243	262	276	255	271	270	230	243	226	270	240	239	212	241	235	215	274	313	271	261	229	198	263	246	263	245	245
17:40:05	29.1	519	409	557	737	795	1050	1209	1395	1974	2447	2432	199	449	475	607	651	781	895	1022	1224	1951	2248	2293	267	439	498	613	719	875	1178	1348	1815	2346	2559	2380	213	397	476	583	762	846	1182	1493	1831	2457	2464	2370	249	227	206	231	250	249	212	231	241	265	302	278	236	282	261	229	241	216	230	226	292	253	220	248	276	230	234	204	263	217	249	253	249	254	270	244	249	268	231	231	265	251	232	240	260	224	252	269	265
17:56:08	29.1	475	488	605	710	875	1024	1173	1444	1908	2443	2297	246	427	505	590	654	720	935	1047	1332	1978	2445	2341	264	422	549	629	709	853	1016	1353	1783	2412	2396	2421	238	485	494	571	717	871	1141	1347	1985	2357	2478	2340	277	246	237	247	245	270	237	238	262	254	246	275	264	263	242	245	283	234	232	191	262	249	287	224	241	251	235	250	234	246	239	252	292	240	297	294	220	254	235	281	268	231	217	256	230	274	259	278	270
18:12:12	29.1	539	432	636	736	838	1049	1203	1444	2106	2358	2334	232	388	488	566	589	756	926	1159	1280	1829	2408	2429	196	416	485	659	761	970	1242	1421	1790	2488	2418	2368	271	476	507	608	820	940	1134	1495	1897	2437	2513	2321	233	276	257	276	263	235	226	259	251	247	224	276	240	193	237	264	209	227	266	259	241	240	285	240	256	263	245	259	273	271	269	214	235	271	234	285	239	233	249	250	292	221	302	287	222	233	236	246	225
18:28:15	29.1	569	531	648	651	850	1074	1272	1573	2200	2497	2403	226	451	536	581	674	797	919	1044	1314	1998	2441	2397	230	401	530	625	779	901	1251	1491	1943	2496	2512	2427	272	479	463	575	807	944	1226	1595	2014	2512	2479	2227	261	218	234	246	237	232	243	255	233	271	267	262	295	252	247	273	260	286	292	251	241	266	214	270	240	274	261	291	251	276	236	220	273	217	231	249	234	288	251	296	270	261	217	253	258	205	236	218	274
18:44:19	29.1	509	522	646	737	903	1013	1188	1538	2279	2464	2424	280	501	478	539	632	757	920	1093	1348	1914	2248	2233	265	407	559	615	792	961	1302	1434	2105	2452	2450	2399	236	431	440	640	852	920	1166	1781	2054	2493	2429	2411	232	236	218	244	227	235	201	228	243	235	237	204	252	217	215	219	228	252	221	265	245	255	310	225	231	262	217	245	264	267	247	243	219	282	252	254	219	246	263	251	282	220	244	232	243	257	195	222	205
19:00:22	29.1	553	462	722	662	865	1020	1234	1631	2044	2423	2316	260	479	564	614	688	765	960	1075	1274	2047	2404	2396	275	423	504	656	752	926	1285	1544	2126	2458	2348	2570	253	576	484	700	816	983	1280	1594	2158	2364	2300	2490	212	256	240	277	269	218	279	210	204	258	253	270	257	265	214	270	265	251	279	257	311	233	241	249	268	256	293	226	226	253	309	220	276	215	286	228	271	214	241	277	253	228	222	237	272	322	282	264	272
19:16:26	29.1	473	419	581	756	891	1028	1251	1711	2167	2366	2434	204	472	524	591	629	811	1018	1101	1293	2019	2286	2294	244	402	537	623	821	876	1324	1580	2023	2389	2497	2456	248	392	498	639	813	1018	1339	1597	2115	2528	2495	2304	230	231	224	255	259	241	259	250	259	256	244	291	249	228	261	191	248	212	243	269	236	245	276	275	230	254	237	260	317	262	285	250	263	291	269	232	277	278	234	258	299	273	230	254	223	276	253	248	275
19:32:29	29.1	564	460	683	755	790	1123	1210	1620	2216	2426	2479	257	469	501	565	643	786	1035	1157	1343	2293	2402	2392	232	415	495	589	828	991	1380	1666	2118	2461	2535	2504	238	428	441	677	846	1013	1322	1746	2042	2449	2349	2319	260	283	233	297	278	261	223	235	245	255	265	262	223	265	245	240	270	266	235	252	275	244	282	263	238	231	226	258	220	259	263	225	230	263	263	261	243	274	280	268	290	263	239	269	283	246	245	229	211
19:48:33	29.1	494	435	609	706	972	1062	1336	1658	2261	2312	2353	239	476	483	645	741	843	1003	1139	1453	1998	2318	2493	240	414	522	654	848	981	1343	1648	2141	2510	2420	2388	246	578	439	610	889	955	1358	1778	2162	2472	2398	2377	291	220	233	221	301	297	227	256	291	265	293	298	241	219	270	255	234	249	295	207	202	261	241	249	243	274	247	246	236	269	232	242	221	269	302	295	271	253	246	239	273	228	259	214	252	255	261	281	208
20:04:36	29.1	524	495	663	756	852	1013	1216	1587	2307	2434	2331	254	413	520	642	701	823	1083	1149	1376	2139	2371	2438	268	399	523	663	860	1023	1438	1798	2277	2449	2382	2618	260	500	472	652	950	1023	1327	1781	2202	2402	2377	2379	256	256	226	250	280	252	268	224	311	249	297	260	314	257	266	221	259	258	267	271	237	255	243	259	257	263	233	284	244	259	231	224	271	265	278	279	210	222	228	270	204	250	239	221	272	261	245	276	260
20:20:40	29.1	532	458	695	735	840	1100	1339	1660	2221	2535	2400	245	474	459	633	683	860	1020	1196	1465	2136	2374	2401	277	402	552	645	882	1122	1408	1754	2286	2441	2440	2319	246	494	416	718	896	1060	1363	1950	2260	2474	2463	2030	228	251	249	302	197	250	215	262	254	247	308	312	181	230	193	265	291	265	239	270	222	262	275	238	276	280	235	293	267	269	263	269	227	274	273	264	246	291	247	275	238	245	268	280	263	264	275	263	216
20:36:43	29.1	508	496	669	770	951	1155	1299	1664	2285	2454	2355	222	497	529	631	721	869	1159	1151	1436	2083	2283	2450	232	419	521	708	772	1133	1420	1711	2177	2328	2524	2515	269	478	402	580	896	1100	1350	1958	2185	2510	2471	2347	206	232	240	267	260	193	242	229	272	264	285	237	250	223	212	222	243	276	210	251	253	263	300	297	226	247	221	245	249	242	256	281	236	296	309	305	262	285	293	262	265	240	227	221	267	272	319	293	263
20:52:47	29.1	513	490	668	794	841	1096	1293	1686	2277	2421	2298	236	403	505	653	653	860	1085	1213	1488	2086	2296	2296	247	406	519	648	859	1012	1368	1697	2227	2372	2546	2344	245	402	417	646	873	974	1436	1916	2289	2367	2409	2412	242	221	245	234	253	270	283	260	230	262	276	296	213	230	259	228	267	267	261	249	268	250	259	243	240	214	242	287	245	258	245	234	269	253	304	285	248	215	244	259	273	242	248	262	285	304	246	257	191
21:08:50	29.1	496	499	659	724	993	1163	1335	1727	2378	2366	2503	234	408	518	683	790	867	984	1133	1460	2128	2309	2416	215	436	562	669	885	1158	1520	1712	2132	2418	2471	2492	241	437	502	676	942	1230	1413	1996	2249	2297	2390	2303	260	263	243	273	232	242	218	213	234	262	244	271	246	218	232	231	277	239	260	211	251	222	305	267	242	254	249	249	227	240	243	265	268	229	300	215	243	288	245	266	218	249	285	261	219	254	254	276	220
21:24:54	29.1	510	486	645	784	863	1192	1319	1772	2233	2477	2427	242	375	558	601	801	910	1058	1176	1627	2134	2451	2399	237	383	623	689	878	1108	1504	1716	2280	2421	2328	2208	250	537	377	658	854	1030	1538	2022	2155	2244	2403	2341	267	231	245	257	266	236	226	236	241	266	312	258	235	254	247	273	298	257	278	255	243	231	289	226	247	250	217	262	228	241	243	306	279	229	264	265	252	274	256	232	261	291	243	286	260	287	242	271	227
21:40:58	29.1	567	503	638	814	973	1263	1339	1774	2310	2314	2396	237	417	557	688	736	846	1179	1248	1494	2214	2299	2537	251	476	480	669	895	1137	1576	1813	2234	2253	2408	2433	235	486	431	709	916	1198	1489	1915	2183	2375	2434	2374	220	254	240	260	238	222	230	274	230	210	313	262	247	227	229	258	257	215	243	271	261	242	257	234	260	215	224	263	200	261	277	253	269	291	247	259	230	245	223	303	265	287	291	252	254	242	291	262	265
21:57:01	29.1	559	492	671	781	944	1187	1292	1752	2304	2469	2534	190	377	504	576	735	884	1053	1175	1632	2187	2290	2462	258	373	460	747	834	1172	1535	1792	2132	2526	2398	2534	239	500	471	613	936	1114	1568	2039	2201	2294	2465	2264	266	224	238	276	254	236	230	282	259	234	270	249	274	257	269	219	223	223	223	246	274	262	281	303	238	243	237	274	294	271	273	263	263	283	303	286	234	226	287	261	243	252	254	259	241	243	230	282	192
22:13:05	29.1	511	531	726	763	933	1220	1248	1661	2285	2387	2574	230	421	538	614	755	837	1034	1185	1584	2097	2317	2471	241	451	533	748	928	1212	1512	1926	2170	2388	2511	2427	233	436	466	741	991	1092	1553	1918	2245	2313	2357	2393	264	210	284	249	253	210	238	249	258	265	294	266	280	247	267	237	237	259	258	262	242	233	273	270	206	263	227	243	236	247	295	274	238	231	320	286	292	250	247	266	225	302	227	207	218	246	270	290	208
22:29:08	29.1	625	531	720	811	993	1255	1447	1844	2259	2334	2378	245	523	472	649	702	877	1176	1267	1571	2097	2465	2467	220	397	498	731	924	1241	1632	1879	2229	2426	2386	2497	259	454	481	674	967	1117	1532	2045	2207	2298	2459	2380	287	240	234	237	252	273	251	303	245	272	264	241	242	225	296	258	204	224	260	268	249	233	222	292	204	253	223	261	283	276	275	246	225	288	297	315	232	250	265	238	244	294	238	233	290	258	253	285	216
22:45:12	29.1	543	456	715	833	990	1137	1414	1711	2337	2410	2438	292	436	531	675	809	868	1116	1259	1631	1993	2262	2548	238	439	625	707	938	1234	1702	1929	2125	2383	2408	2418	222	441	460	718	1035	1106	1526	2079	2189	2343	2419	2416	241	261	282	224	269	227	251	243	233	281	267	221	240	265	263	249	256	263	252	182	309	278	271	270	271	218	246	222	220	209	235	282	253	269	264	292	255	258	229	235	225	211	255	241	263	272	270	285	266
23:01:15	29.1	492	521	681	873	1012	1298	1435	1876	2216	2345	2497	257	467	522	643	777	832	1215	1211	1654	2113	2326	2386	266	431	524	760	947	1160	1657	1879	2208	2296	2267	2336	264	530	440	742	933	1168	1604	2009	2004	2373	2348	2549	276	226	246	292	262	182	237	235	231	248	299	207	206	238	246	259	309	265	220	275	233	276	235	271	234	225	195	264	265	237	259	258	233	254	275	292	221	266	248	277	214	271	253	269	286	269	322	277	235
23:17:19	29.1	573	492	707	786	1038	1335	1379	1986	2232	2417	2522	218	379	564	655	784	923	1084	1313	1664	2319	2309	2429	251	393	568	707	972	1216	1571	1756	2157	2231	2432	2524	272	511	524	739	1007	1164	1623	1998	2288	2276	2344	2388	265	248	283	235	243	218	308	270	290	281	323	285	222	229	271	275	275	254	272	243	266	282	267	283	245	284	252	239	249	296	257	238	272	286	292	299	211	255	218	267	220	220	246	289	295	329	269	292	248
23:33:22	29.1	512	497	689	818	1090	1364	1381	1836	2273	2356	2511	208	378	521	652	803	901	1156	1293	1738	2200	2331	2509	246	459	548	737	1010	1285	1605	1866	2064	2344	2382	2384	243	452	455	762	924	1156	1589	1819	2313	2380	2454	2317	251	265	212	263	257	186	266	263	295	235	274	242	254	243	263	242	276	258	268	256	243	243	251	267	259	230	263	269	253	237	262	271	274	252	243	325	236	298	217	262	266	255	232	233	265	315	292	296	259
23:49:26	29.1	522	458	727	897	1014	1338	1439	1900	2148	2452	2386	207	472	534	726	807	971	1073	1338	1718	2100	2331	2552	235	455	556	800	1022	1280	1783	1974	2025	2338	2345	2448	261	531	463	719	971	1208	1649	1957	2148	2295	2451	2369	248	210	261	266	254	270	251	226	210	260	299	274	221	241	245	258	274	250	246	250	280	228	278	244	250	253	269	257	257	251	266	261	216	305	271	304	282	275	233	282	222	262	273	253	245	267	275	248	228
24:05:30	29.1	465	535	703	782	989	1164	1453	1870	2228	2416	2516	244	476	560	662	864	852	1110	1390	1641	2004	2368	2331	252	443	560	811	908	1267	1763	1861	2027	2310	2353	2564	247	471	498	677	1014	1136	1603	1982	2180	2304	2351	2381	222	238	236	256	264	231	263	248	257	276	274	242	209	258	204	253	262	257	264	269	227	262	271	304	192	213	273	275	257	291	253	258	261	302	247	289	238	222	288	298	267	263	244	209	250	296	280	306	235
24:21:33	29.1	596	520	740	827	1027	1219	1461	1832	2189	2525	2487	254	467	587	664	799	933	1136	1403	1686	2091	2279	2492	270	496	545	725	929	1296	1759	1796	2021	2435	2384	2503	262	496	436	794	1008	1109	1766	1972	2088	2234	2312	2428	229	203	227	271	236	261	254	263	275	283	297	287	224	265	222	308	242	242	259	246	268	267	262	292	224	266	247	257	260	228	258	261	278	273	281	292	271	249	278	281	277	230	229	246	246	275	298	301	246
24:37:37	29.1	534	500	853	854	1054	1219	1454	1896	2257	2535	2560	227	521	589	637	869	1000	1152	1269	1733	2070	2348	2496	257	482	512	877	964	1310	1727	1732	2097	2327	2461	2528	248	477	509	803	896	1113	1628	1985	2064	2307	2297	2413	261	230	269	215	257	204	274	257	226	314	270	264	192	227	201	293	239	235	288	241	271	251	331	285	225	214	269	251	233	325	240	292	264	288	306	277	284	243	253	285	259	234	296	244	298	276	305	284	219
24:53:40	29.1	583	471	710	859	1012	1200	1452	1827	2227	2413	2391	248	410	543	722	885	914	1150	1311	1696	2087	2423	2553	205	449	558	739	1045	1306	1787	1887	2079	2295	2361	2493	259	455	502	786	1069	1202	1697	1916	2190	2284	2363	2303	271	194	238	277	247	228	279	236	286	289	270	257	258	219	257	236	285	262	259	248	222	287	292	262	254	215	236	277	214	288	295	295	265	307	292	302	250	230	268	294	257	219	247	235	302	303	241	270	243
25:09:44	29.1	464	449	697	893	1088	1293	1540	1860	2200	2309	2383	240	419	532	683	806	951	1068	1282	1735	2177	2364	2626	241	483	555	800	1028	1384	1755	1796	2094	2284	2451	2576	233	515	513	877	958	1137	1668	1966	2199	2289	2437	2555	228	233	282	245	230	265	216	210	239	243	274	329	247	215	282	243	277	263	232	246	252	219	299	306	227	212	224	226	319	292	272	262	226	242	265	283	233	260	282	304	208	247	226	259	286	295	304	330	209
25:25:48	29.1	522	478	781	834	1138	1312	1472	1930	2405	2399	2490	259	462	602	690	875	872	1116	1338	1756	2169	2416	2542	263	506	545	792	992	1333	1746	1718	2132	2276	2461	2643	281	523	531	825	1000	1241	1637	1842	2116	2370	2386	2357	234	219	265	268	214	285	259	275	225	288	308	275	258	215	268	240	275	235	251	274	190	262	319	252	207	202	204	310	273	267	254	275	293	267	302	354	225	276	186	236	258	249	223	248	278	283	277	306	233
25:41:51	29.1	539	551	787	838	1076	1271	1545	1853	2287	2482	2616	220	375	601	747	822	1037	1120	1294	1711	2220	2297	2504	276	476	584	824	969	1391	1791	1811	2119	2274	2343	2513	282	496	469	893	1027	1216	1698	1979	2136	2347	2192	2511	266	226	229	257	250	265	275	241	246	287	257	308	228	262	182	279	296	240	209	243	242	305	288	280	226	236	262	249	257	241	247	246	288	297	302	303	210	280	252	268	261	231	246	304	281	288	313	295	252
